3.3928 0.650083
3.292 0.669319
3.3744 0.639055
3.3128 0.665374
3.5544 0.621001
3.212 0.674846
2.8456 0.701719
3.0088 0.694203
3.5064 0.628276
3.4696 0.639934
3.7688 0.606071
3.404 0.644676
3.0864 0.704798
2.532 0.773605
3.2272 0.685409
3.344 0.662686
3.6624 0.609719
3.5416 0.617604
3.2544 0.684014
3.3656 0.657271
3.4344 0.644118
3.432 0.628732
3.4056 0.645073
3.3008 0.667847
3.0864 0.71534
3.264 0.659319
3.5976 0.633795
3.2104 0.666334
3.5032 0.613709
2.9768 0.694148
3.3336 0.64059
3.1488 0.692956
3.2232 0.661571
3.2344 0.690073
3.7736 0.596769
3.3472 0.653528
2.9384 0.702832
3.3064 0.63701
3.2704 0.663982
3.0888 0.677066
3.2944 0.657518
3.2256 0.67972
3.1936 0.68262
3.0552 0.694944
3.472 0.640907
3.4752 0.637426
3.5072 0.627528
2.8008 0.729819
2.5752 0.7742
3.2872 0.650566
3.3984 0.65186
3.64 0.617583
2.9328 0.710974
3.2904 0.66331
2.9912 0.704963
2.4912 0.788996
3.3984 0.633097
3.2904 0.666423
3.5008 0.64022
3.3784 0.647819
3.1144 0.689182
2.9752 0.698402
3.3832 0.667845
2.8624 0.734983
3.3272 0.677597
3.2608 0.667347
3.0712 0.68748
3.5384 0.641019
2.9864 0.721168
3.2424 0.668493
3.5896 0.611313
3.5744 0.619421
2.0648 0.838889
3.4928 0.629686
2.5224 0.781694
3.1592 0.673771
3.32 0.665592
3.1832 0.694698
3.2032 0.673516
1.5504 0.883436
3.1184 0.695159
3.368 0.643371
3.2648 0.657174
3.3136 0.650376
3.4728 0.64192
2.988 0.717281
3.2872 0.66569
2.932 0.712819
3.1304 0.677863
3.6784 0.589208
3.1672 0.690534
3.048 0.709736
3.3304 0.66297
2.1472 0.834198
3.4608 0.621324
3.4808 0.644526
3.5976 0.623651
3.5368 0.621846
2.8232 0.726836
3.2432 0.670754
