27.112 0.00446507
26.44 0.0050575
26.9088 0.00476374
26.8448 0.0041548
26.4576 0.00301459
26.7 0.00289794
26.1032 0.00487969
26.7 0.00631197
27.2072 0.00409968
26.9568 0.00899947
26.6816 0.00504162
26.3848 0.00130208
26.7064 0.00660616
26.6808 0.00325762
27.428 0.00490509
26.8184 0.0054293
26.6056 0.00377438
27.5072 0.00292881
27.0072 0.00174463
27.304 0.00216349
25.7256 0.00682562
25.6872 0.00538983
27.1352 0.00367172
26.3312 0.00321018
26.4632 0.00854214
26.4832 0.00256109
26.668 0.00658601
26.6224 0.00439791
27.0912 0.00238621
26.5072 0.00243866
27.5704 0.00202705
26.8232 0.00575275
27.3872 0.00395694
26.796 0.00169886
26.3232 0.00405594
27.3832 0.00392853
26.9976 0.00357269
27.1192 0.00176684
27.4488 0.00203601
26.9232 0.00414275
27.56 0.0011308
26.616 0.0035342
26.7944 0.00640778
26.4032 0.00398358
27.2104 0.00272679
27.1584 0.0027027
26.6296 0.00332355
26.5768 0.00479315
26.356 0.00522375
26.9984 0.00330774
26.3928 0.00494646
26.208 0.00925422
26.8136 0.00766817
27.1536 0.00536264
27.036 0.00383198
26.1584 0.00453618
27.0944 0.00100289
26.8696 0.00290931
25.856 0.00391408
26.8576 0.00270326
26.4632 0.00159966
26.2696 0.00273332
26.9664 0.00525291
27.0376 0.00418398
27.532 0.00118992
26.9728 0.00645351
26.4992 0.00992348
26.3048 0.0054144
26.7424 0.00170225
26.4232 0.0047609
26.8872 0.00632706
27.128 0.00317479
26.5096 0.00727981
27.0168 0.00565321
27.044 0.00438829
25.9128 0.00853994
27.0928 0.00364813
27.42 0.00401011
26.2808 0.00276243
27.5368 0.00468438
27.112 0.00755535
27.2032 0.00351659
26.1384 0.0080153
26.9456 0.00475726
27.0984 0.00575303
26.7544 0.00659439
26.62 0.00472587
27.1488 0.00202911
27.1312 0.00414036
27.0624 0.00341739
26.8224 0.0051629
26.4656 0.00181039
26.7992 0.00348049
26.9448 0.00387436
27.1112 0.00126724
27.2896 0.0025731
26.8448 0.00110142
27.2704 0.00318741
27.224 0.00345555
27.1576 0.00229243
