3.8264 0.368748
3.6648 0.396681
3.9248 0.353453
3.6336 0.401896
3.664 0.398002
3.784 0.378858
3.7128 0.398445
3.78 0.38049
3.8064 0.379175
3.7704 0.378068
3.8032 0.376034
3.8184 0.373622
3.6888 0.391608
3.696 0.394813
3.5864 0.407089
3.7824 0.377239
3.7488 0.378185
3.8064 0.372047
3.7368 0.379928
3.7824 0.369095
3.956 0.353679
3.7728 0.378902
3.8328 0.36543
3.7928 0.379613
3.8392 0.362598
3.5912 0.413126
3.7816 0.380066
3.7008 0.390032
3.8104 0.371304
3.8408 0.373074
3.664 0.389496
3.8384 0.36635
3.7816 0.376878
3.7376 0.381192
3.8568 0.36524
3.748 0.380619
3.7864 0.377401
3.8176 0.368783
3.7792 0.385935
3.6584 0.395506
3.7328 0.383131
3.8344 0.373873
3.6864 0.391683
3.6848 0.393947
3.7416 0.384281
3.8304 0.365071
3.7112 0.387833
3.7504 0.384373
3.7632 0.379992
3.6968 0.394919
3.8336 0.372446
3.7664 0.379792
3.788 0.378364
3.7448 0.381883
3.7136 0.387599
3.7216 0.386361
3.8384 0.364587
3.8176 0.370365
3.7504 0.379237
3.7256 0.390764
3.6936 0.390415
3.8112 0.373982
3.764 0.376491
3.6632 0.39591
3.8016 0.375394
3.8592 0.362158
3.7816 0.373409
3.7176 0.38385
3.6744 0.398271
3.712 0.390756
3.8128 0.369493
3.7024 0.385637
3.7888 0.373462
3.756 0.379625
3.7936 0.372834
3.8184 0.367815
3.6896 0.393955
3.8184 0.370317
3.8392 0.373907
3.7808 0.375941
3.704 0.392946
3.92 0.361314
3.7888 0.377334
3.756 0.382562
3.8656 0.369602
3.8024 0.375016
3.7256 0.389486
3.736 0.383417
3.7224 0.390809
3.7088 0.388148
3.8888 0.360983
3.9408 0.353798
3.8216 0.374738
3.8208 0.369671
3.6816 0.394633
3.7264 0.383536
3.8384 0.371578
3.736 0.376335
3.7832 0.381426
3.8608 0.363325
