3.836 0.367831
3.8104 0.387947
3.896 0.3598
3.8808 0.379271
3.7232 0.396133
3.808 0.377371
3.4208 0.434616
3.7192 0.392049
3.9368 0.365523
3.7952 0.37439
4.0312 0.355874
3.788 0.377056
3.9144 0.36652
3.7376 0.38976
3.9384 0.367224
3.8456 0.369987
3.856 0.375162
3.9936 0.340206
3.9528 0.355213
3.924 0.356299
3.8672 0.367029
3.8312 0.375375
3.9136 0.356739
3.7048 0.401215
3.8568 0.369969
3.6496 0.413926
3.9352 0.364634
3.6872 0.395303
3.9424 0.358751
3.6112 0.399574
3.6992 0.388602
3.9672 0.354129
3.7856 0.379898
3.9064 0.364193
4.0688 0.339823
3.7456 0.389251
3.6304 0.396462
3.7248 0.383556
3.78 0.387874
3.5544 0.411835
3.8056 0.374244
3.8344 0.365166
3.7064 0.394933
3.7944 0.376003
4.0488 0.341958
3.9288 0.358961
3.7488 0.387371
3.6608 0.395828
3.7552 0.391101
3.7368 0.38989
3.776 0.386854
4.056 0.345215
3.7232 0.386016
3.832 0.379775
3.764 0.379533
3.6888 0.397649
3.7648 0.378336
3.7864 0.381307
3.9712 0.366028
3.7192 0.393714
3.7968 0.380499
3.552 0.405543
3.896 0.369089
3.812 0.377368
3.9824 0.362367
3.8704 0.361994
3.6984 0.386219
4.0208 0.348457
3.7904 0.384835
3.8528 0.380818
3.9744 0.35447
3.7896 0.37753
3.9064 0.35927
3.7864 0.375594
3.9336 0.348742
3.7008 0.384759
3.7888 0.389455
3.9296 0.357825
3.7424 0.386653
3.6864 0.387967
3.7464 0.391423
3.916 0.357949
3.74 0.390879
3.6416 0.39452
3.8384 0.383528
3.928 0.362503
3.72 0.39524
3.7016 0.397683
3.5536 0.417366
3.8144 0.384377
3.8376 0.37425
3.8176 0.375556
3.7528 0.387997
3.9824 0.354931
3.8224 0.373377
4.1176 0.338347
3.9504 0.358785
3.9224 0.36084
3.7264 0.38775
3.904 0.360084
