3.7224 0.836639
8.376 0.521634
8.0656 0.556094
8.6488 0.501705
8.5736 0.49958
9.0992 0.472571
7.808 0.569304
8.836 0.489083
8.6664 0.509641
8.9304 0.485386
8.9384 0.484688
8.8832 0.491831
8.2144 0.538517
8.4168 0.524861
8.4008 0.518987
8.7008 0.502288
9.2056 0.457754
9.2248 0.460235
8.712 0.503737
9.1064 0.47078
6.8896 0.64599
8.5848 0.515005
8.5872 0.516203
9.3688 0.445895
8.9848 0.478332
8.6464 0.497559
9.144 0.464612
8.216 0.541026
9.4856 0.434789
8.0424 0.558614
9.176 0.459574
8.8272 0.490111
9.7592 0.413876
8.6464 0.502325
9.0208 0.485185
7.6024 0.587615
8.9024 0.485862
8.9744 0.481919
8.76 0.502815
8.8072 0.484935
8.7984 0.49474
8.7312 0.502892
8.6208 0.503479
8.0736 0.549102
8.8344 0.480452
5.188 0.757977
8.832 0.49218
8.6184 0.502586
9.1392 0.462779
8.4552 0.52817
8.8184 0.493708
8.9688 0.47851
8.7024 0.503628
8.3088 0.528851
8.9168 0.485054
8.252 0.530004
8.9864 0.484465
8.9616 0.483898
9.2544 0.455162
8.5416 0.513554
9.192 0.459574
8.8176 0.495814
9.3552 0.447849
8.7504 0.48573
8.808 0.493304
8.9576 0.486188
8.7584 0.496829
9.1184 0.465811
8.7848 0.487061
8.608 0.510219
8.52 0.519383
8.8976 0.47977
8.7888 0.495221
5.6128 0.733161
9.0768 0.465995
9.3584 0.449117
8.6832 0.495444
9.696 0.421093
8.6184 0.508127
5.848 0.711204
8.4544 0.523083
9.6968 0.430163
9.0776 0.474822
8.4624 0.519094
9.104 0.476372
9 0.478974
8.588 0.511446
8.5784 0.517025
8.132 0.540378
9.1056 0.458825
9.2584 0.469761
9.5088 0.442103
8.668 0.508773
8.936 0.478013
7.9752 0.550135
8.9808 0.474118
7.6592 0.58841
8.956 0.473771
8.8008 0.494532
7.6096 0.598718
