9.9288 0.237888
9.5008 0.262818
9.8952 0.242096
9.4632 0.261795
9.4824 0.256399
9.9328 0.238235
9.2928 0.282609
9.6728 0.254654
9.6432 0.254176
9.8632 0.244685
9.8184 0.237465
9.876 0.240027
9.66 0.246019
9.5744 0.25789
9.2672 0.283124
9.9104 0.234742
9.7968 0.234003
9.8976 0.232077
9.836 0.23257
10.0096 0.222761
9.8936 0.246466
9.6936 0.241882
9.8264 0.254853
9.7248 0.248051
10.0824 0.223044
9.1528 0.285206
9.6784 0.247684
9.6968 0.244986
9.9736 0.224785
9.6008 0.270633
9.808 0.236518
10.0904 0.217556
9.9992 0.225972
9.6656 0.257908
9.944 0.243089
9.6384 0.252327
9.5976 0.276024
9.8792 0.243367
9.7896 0.244863
9.8048 0.22504
9.9704 0.21999
9.8264 0.251447
9.7136 0.244619
9.5144 0.268213
9.6336 0.250747
9.9424 0.231796
9.8928 0.229581
9.6832 0.251222
9.8328 0.234968
9.4808 0.271783
9.6336 0.260001
9.8792 0.230016
9.8728 0.238163
9.768 0.234914
9.8752 0.227969
9.4464 0.270345
10.0904 0.22214
9.956 0.229746
9.8312 0.248655
9.5464 0.267645
9.4992 0.269472
9.684 0.254664
9.792 0.241918
9.3968 0.271385
9.756 0.247779
9.9664 0.233118
10.0632 0.212631
9.9736 0.223579
9.4088 0.251369
9.6392 0.249798
10.0952 0.22177
9.748 0.257917
9.8256 0.246596
9.7128 0.265384
9.668 0.255345
9.9832 0.22912
9.8272 0.228101
10.0976 0.209989
9.86 0.240557
9.7784 0.256644
9.6992 0.242865
9.9456 0.241581
9.832 0.236266
9.7704 0.2329
9.8872 0.234405
9.8512 0.235488
9.7496 0.241205
9.6512 0.255447
9.7728 0.239305
9.796 0.239583
9.9888 0.241618
10 0.241597
9.9024 0.231896
9.7816 0.248171
9.468 0.264861
9.788 0.240487
9.7272 0.257556
9.796 0.234353
9.8264 0.2409
9.8736 0.251819
