26.9336 0.00302052
26.5008 0.0042085
26.6784 0.00352597
26.7744 0.00220619
26.7096 0.00268841
26.68 0.00278085
26.4304 0.00478959
26.8056 0.00339074
26.64 0.00314324
26.78 0.0033643
26.8488 0.0032077
26.748 0.00131426
26.8448 0.00371129
26.6688 0.00337828
27.0192 0.00147824
26.9312 0.00299126
26.6056 0.00317717
27.144 0.00246957
26.952 0.00263477
27.0744 0.00197582
26.636 0.00421701
26.5952 0.00329796
27.1576 0.00196978
26.6488 0.00185779
26.5768 0.00577602
26.204 0.00280086
26.5632 0.00324207
26.6488 0.00352987
26.8408 0.0035343
26.7552 0.00190999
27.0416 0.00259664
27.0736 0.00250538
26.86 0.00329514
26.9552 0.0026935
26.9792 0.00286804
26.852 0.00240742
26.8712 0.00367811
26.884 0.0029965
26.9576 0.00219123
26.7472 0.00316041
27.1504 0.00214636
26.8704 0.0030572
26.66 0.00397513
26.932 0.0030207
26.6544 0.00272382
26.8512 0.00273354
26.7104 0.00244996
26.7704 0.00306858
26.6048 0.00443061
26.7736 0.00280087
26.5232 0.00399555
26.8072 0.00445646
26.8224 0.00246943
26.7456 0.00390311
26.7992 0.00315429
26.2952 0.00288193
27.2224 0.00202364
26.796 0.00300631
26.9136 0.00266809
26.6976 0.00411817
26.7304 0.00247791
26.6928 0.00236209
26.8408 0.00344551
26.708 0.00352207
26.9376 0.00248845
27.0288 0.00233279
26.9008 0.00337878
27 0.00233527
26.8128 0.0031527
26.7344 0.00360774
26.9904 0.00248359
27.0088 0.00310045
26.8848 0.00246371
26.7448 0.00319041
26.8632 0.00326516
26.6144 0.00362395
26.8144 0.00223261
27.1552 0.0023806
26.8536 0.00347346
26.964 0.00230885
26.844 0.00314904
26.992 0.00239496
26.436 0.00520802
26.7672 0.00295012
26.544 0.00354376
26.5976 0.00493835
26.6096 0.0024293
26.6296 0.00335339
26.6392 0.0027851
26.856 0.00240706
26.8896 0.00335063
27.088 0.00223951
26.6288 0.00290567
26.864 0.00208024
26.844 0.00350429
26.9112 0.00266833
26.8952 0.00337948
26.748 0.00348712
26.844 0.00231915
27.0312 0.00259763
