4.7008 0.459529
3.0808 0.639824
3.9872 0.468487
4.5712 0.445512
4.2224 0.460713
3.8488 0.531229
3.256 0.538235
3.9728 0.457386
4.6888 0.375093
4.7992 0.414217
4.0544 0.537253
3.8152 0.476164
4.468 0.458556
4.048 0.527014
5.3048 0.368296
4.0296 0.568121
3.2112 0.614038
4.4696 0.403863
3.7592 0.506459
4.9432 0.389306
3.4856 0.555861
3.8896 0.467645
4.8288 0.40573
3.8664 0.503391
4.3864 0.456967
3.8472 0.556774
3.9688 0.483444
3.5904 0.537081
4.4848 0.455992
3.212 0.609929
3.6176 0.501213
3.6648 0.541487
3.3832 0.582815
3.812 0.488679
3.972 0.462662
4.6488 0.472877
3.9296 0.496412
4.248 0.449912
4.8016 0.416999
3.888 0.470646
4.4904 0.459249
3.5912 0.530587
4.0888 0.498331
3.3728 0.560559
4.2856 0.385665
4.4688 0.465557
3.4456 0.568394
3.7312 0.543014
3.6984 0.521379
3.9688 0.502657
4.3496 0.483126
4.036 0.470341
4.572 0.449104
4.4848 0.485121
3.8776 0.518669
3.96 0.499393
3.936 0.470968
3.904 0.489219
3.7232 0.51802
4.3688 0.51987
3.808 0.462451
3.1608 0.61815
4.6256 0.395757
4.8544 0.377258
3.8992 0.457721
4.5088 0.425367
4.4736 0.43629
3.4216 0.569025
3.6928 0.480882
3.8008 0.509751
4.1432 0.430002
4.0976 0.46016
4.4048 0.415561
4.324 0.45547
3.9336 0.496879
3.3536 0.610228
4.4688 0.411194
4.488 0.449514
3.6552 0.473314
4.6336 0.500216
4.9144 0.39804
4.568 0.409514
3.4608 0.608967
4.0936 0.484121
4.9952 0.36744
4.0192 0.429804
4.1096 0.485167
4.5096 0.426843
4.2672 0.476289
4.3528 0.421109
3.216 0.639882
3.8704 0.442498
3.8144 0.481232
4.0056 0.522142
3.936 0.4404
4.7112 0.453102
3.7168 0.495986
4.5968 0.455149
4.5072 0.48935
3.7696 0.516172
