2.8184 0.618475
2.868 0.684252
2.7816 0.641657
2.964 0.544505
2.8496 0.529769
2.588 0.698705
2.4904 0.641318
2.7552 0.645241
2.9448 0.623774
3.128 0.621893
2.5648 0.699306
2.7856 0.719103
2.7368 0.666764
2.784 0.462382
2.788 0.67527
2.912 0.552165
2.996 0.617115
3.2272 0.535307
2.6296 0.734941
2.8792 0.585273
2.6976 0.668795
2.956 0.545343
2.768 0.59423
2.7264 0.514737
2.7024 0.651645
2.808 0.675511
3.0696 0.62595
2.856 0.688237
2.9736 0.509177
2.7416 0.649734
2.8288 0.453984
2.976 0.508781
2.8888 0.5233
3.1336 0.621436
3.22 0.468577
2.832 0.496229
2.816 0.659443
2.76 0.571482
2.8824 0.609854
2.5184 0.717668
2.964 0.472373
2.8128 0.654345
2.5656 0.729344
2.7672 0.538492
2.8792 0.628816
3.1128 0.579033
2.8912 0.608493
2.6192 0.662718
2.5728 0.669068
2.6504 0.67475
2.2568 0.735242
2.7448 0.66579
2.7664 0.601888
2.776 0.624296
2.668 0.691689
2.5008 0.65851
2.4568 0.711616
2.6792 0.688001
3.0416 0.562032
2.6224 0.592744
2.7152 0.669104
2.508 0.694266
3.0352 0.632933
2.7976 0.678821
1.8656 0.806119
2.9352 0.515899
2.6632 0.707212
2.8112 0.688668
2.8744 0.69664
2.4688 0.694576
3.04 0.648539
2.7464 0.624891
2.5928 0.735687
2.4648 0.760569
2.9864 0.595514
2.6224 0.696818
2.904 0.646337
2.8736 0.650039
2.972 0.640959
2.7424 0.646744
2.5616 0.627848
2.776 0.679238
2.9592 0.621934
2.6672 0.675112
2.5336 0.732494
2.4736 0.724027
2.628 0.693849
2.8368 0.690089
2.5144 0.736171
2.6984 0.65259
2.9792 0.658035
2.776 0.676728
2.832 0.655105
2.9264 0.623081
2.8184 0.673917
2.9728 0.700105
2.8424 0.587053
2.8944 0.579449
2.7072 0.610138
2.6264 0.735007
