27.2368 0.01604
26.6528 0.0220161
27.1832 0.012927
27.088 0.0150964
26.7696 0.0169223
26.9416 0.00804124
26.3776 0.0271163
27.0512 0.0143415
27.4712 0.00794476
27.1392 0.0202455
26.7712 0.0228633
26.716 0.0140824
26.992 0.0180728
26.9776 0.0114039
27.676 0.008114
27.0768 0.0142994
26.9496 0.0155757
27.7216 0.00747573
27.2392 0.0121562
27.4704 0.00940457
26.0488 0.0245649
26.0096 0.0190979
27.1704 0.0203923
26.616 0.0195096
26.7952 0.01604
26.728 0.0176996
26.944 0.0172449
26.9008 0.0142761
27.3192 0.0136049
26.716 0.0196395
27.8312 0.00594337
27.2184 0.01024
27.524 0.0118049
27.1152 0.00746728
26.568 0.01853
27.6256 0.00892575
27.1872 0.0129252
27.3584 0.0116185
27.712 0.00702308
27.1904 0.0121778
27.7504 0.00539053
26.8672 0.0122934
27.0232 0.0165657
26.7792 0.0131195
27.3616 0.0102156
27.4504 0.00943995
26.9064 0.0174982
26.8432 0.0152609
26.6648 0.0214034
27.1312 0.0165864
26.7296 0.0146859
26.6048 0.019402
26.9632 0.0188064
27.2968 0.0181007
27.316 0.0108633
26.388 0.0238814
27.3328 0.0101115
27.1448 0.00931387
26.1712 0.0203336
27.076 0.0170481
26.6168 0.0191333
26.4768 0.0214364
27.0968 0.0176339
27.2504 0.0116927
27.6896 0.00776883
27.1736 0.0168741
26.6704 0.0237775
26.5896 0.0158124
27.0072 0.00965149
26.5344 0.0306573
27.0448 0.0171817
27.4024 0.00805074
26.6416 0.0206158
27.1952 0.0111124
27.3144 0.00928532
26.1808 0.0207074
27.3528 0.0098749
27.584 0.0137864
26.5104 0.0142194
27.6536 0.0121174
27.3608 0.0156569
27.3576 0.0126177
26.4288 0.0198778
27.1808 0.0135014
27.3424 0.0112821
26.9552 0.0166355
26.972 0.0115512
27.4112 0.00965374
27.3824 0.0114372
27.2848 0.010646
27.144 0.0119682
26.7768 0.0122178
27.1384 0.0100677
27.276 0.0136546
27.4432 0.00981411
27.5104 0.00996142
27.0984 0.0099088
27.3616 0.0146923
27.3496 0.0111076
27.3912 0.0104907
