22.6224 0.11268
22.0784 0.145943
22.2608 0.134064
21.9144 0.135185
22.3664 0.143312
22.8728 0.123809
22.0656 0.135171
22.7368 0.12289
22.1064 0.145415
22.8256 0.12658
22.392 0.128987
22.4856 0.125401
22.3736 0.124198
22.4432 0.139395
21.9504 0.152468
22.9224 0.121532
22.4552 0.126284
22.4 0.135856
22.536 0.123577
22.7456 0.121656
22.8208 0.124755
22.5288 0.136695
22.76 0.12129
22.4152 0.12803
22.7776 0.119523
21.6352 0.137352
22.08 0.119055
22.3128 0.123806
22.5832 0.12155
22.2664 0.119488
21.6624 0.118239
23.028 0.11808
22.5952 0.127248
22.6632 0.133643
22.1832 0.121165
22.4856 0.138456
22.5536 0.127966
22.6952 0.118263
22.3312 0.13928
22.408 0.121806
22.5528 0.129854
22.5208 0.130525
22.5456 0.131472
22.5792 0.135082
22.2632 0.140311
22.3576 0.130893
22.5336 0.128847
22.3792 0.142533
22.5816 0.122513
21.832 0.151826
22.3912 0.142284
22.4424 0.133766
22.6696 0.132523
22.4344 0.140049
22.3712 0.130094
21.9944 0.156889
23.3312 0.105234
22.7568 0.128252
22.8928 0.110033
21.8744 0.128038
22.268 0.140338
22.5456 0.122384
22.2928 0.124894
21.8392 0.144339
22.2408 0.140857
22.8856 0.122781
22.736 0.128435
22.7352 0.122437
22.176 0.149563
22.596 0.122744
22.756 0.128416
22.3696 0.136149
22.744 0.12207
22.1152 0.139861
22.6592 0.124153
22.7048 0.123069
22.4776 0.13238
22.752 0.116688
22.364 0.101645
22.2712 0.118768
22.5176 0.131533
22.2544 0.12063
22.668 0.130428
22.38 0.142266
22.1872 0.143325
22.3912 0.135608
22.5656 0.128687
22.564 0.134524
22.2464 0.146732
22.5968 0.126673
22.5248 0.108649
23.2672 0.102179
22.0936 0.118456
22.2448 0.129621
22.1728 0.143405
22.2296 0.141263
22.6544 0.118808
22.6192 0.126132
22.5552 0.129573
22.3672 0.114801
