13.1424 0.136822
11.4056 0.172836
12.336 0.135941
12.8368 0.132789
11.9376 0.166695
12.5696 0.0938347
10.9128 0.168789
12.2336 0.134382
13.204 0.114586
13.2672 0.118435
12.2728 0.139065
11.3176 0.172932
12.5472 0.136344
12.2448 0.146632
14.14 0.0993172
12.692 0.129445
11.5384 0.132868
13.456 0.100487
12.2912 0.133886
13.6968 0.126301
11.0632 0.16803
11.3512 0.17188
13.3704 0.126392
11.4432 0.169386
12.8872 0.112745
11.9128 0.150881
12.2488 0.12981
11.7032 0.162622
13.012 0.123133
11.4896 0.165728
12.4 0.113171
11.6472 0.179544
12.8496 0.105081
12.1744 0.121312
11.788 0.169578
13.52 0.105441
11.6376 0.197495
12.4696 0.131885
13.6832 0.0990782
12.5696 0.112166
13.6896 0.0908511
12.1224 0.15114
12.6104 0.109636
11.348 0.147741
12.7144 0.119257
12.9816 0.118481
11.7504 0.130527
12.1368 0.143462
11.6568 0.146947
12.424 0.135397
12.2192 0.149033
11.508 0.175503
13.0992 0.119772
13.2312 0.104596
12.4768 0.135525
11.7528 0.134958
12.564 0.112662
12.204 0.139642
11.2312 0.167961
12.5608 0.136406
11.924 0.15423
11.3176 0.162751
12.9576 0.113368
12.9336 0.13987
12.9232 0.0884262
12.8616 0.147697
12.3824 0.135983
11.5576 0.14772
11.8784 0.125199
11.64 0.160028
12.3704 0.150618
12.5056 0.133289
12.3304 0.149158
12.94 0.138069
12.728 0.114093
11.4368 0.176972
12.8264 0.115469
13.376 0.113562
11.3136 0.166057
13.9392 0.105911
13.4176 0.11958
12.908 0.118258
11.748 0.159993
12.572 0.123291
13.5448 0.113375
12.2024 0.144676
12.3128 0.155593
12.9 0.118949
13.0784 0.116229
12.7792 0.123415
11.72 0.151806
12.0336 0.113717
11.916 0.129151
12.8056 0.117731
12.1816 0.116097
13.4944 0.101954
11.7272 0.129616
13.388 0.117725
13.54 0.117892
12.4368 0.105832
