26.9808 0.00106629
26.5536 0.00195448
26.7136 0.00116658
26.8072 0.000775309
26.7544 0.00164189
26.7184 0.00167394
26.4976 0.00141699
26.852 0.00172501
26.6776 0.000958687
26.8208 0.00190533
26.888 0.00106996
26.7784 0.00116376
26.9016 0.00175147
26.7104 0.00259895
27.0488 0.000797919
26.9784 0.00186468
26.6512 0.00143876
27.1656 0.00144092
26.996 0.00106569
27.0936 0.000914508
26.6976 0.0019738
26.6432 0.0016188
27.1936 0.000588028
26.6704 0.00107868
26.6616 0.00305124
26.2456 0.00200773
26.6184 0.00156039
26.7032 0.00176446
26.888 0.00210801
26.7848 0.000865413
27.0752 0.00109206
27.1136 0.00126713
26.9072 0.00157331
26.9984 0.00106559
27.0176 0.00130116
26.88 0.00160456
26.9264 0.00183867
26.9224 0.00177973
26.9824 0.00103664
26.7768 0.00175962
27.1904 0.0012929
26.8976 0.00163316
26.7144 0.00167419
26.9712 0.00151044
26.6976 0.00128685
26.904 0.00157349
26.7432 0.00167239
26.8192 0.00137027
26.6544 0.00275367
26.8168 0.00142989
26.5648 0.00198365
26.8568 0.00169502
26.8592 0.00110083
26.7904 0.00226433
26.84 0.00175548
26.3288 0.00185005
27.2448 0.000850814
26.8376 0.00190414
26.9536 0.00151142
26.744 0.00262545
26.776 0.00122348
26.7232 0.00107656
26.8936 0.00172235
26.7496 0.00143348
26.9744 0.0017763
27.0624 0.00106308
26.9336 0.00192695
27.0384 0.00144769
26.856 0.0013981
26.7776 0.00226541
27.0392 0.00103446
27.0392 0.00183102
26.92 0.00169104
26.7768 0.00184892
26.9048 0.0021067
26.6504 0.00233596
26.8424 0.00145825
27.1824 0.000852766
26.9032 0.00160318
27.0008 0.00109506
26.8816 0.0020196
27.0288 0.00130062
26.5064 0.00192789
26.8104 0.0011326
26.6016 0.00144144
26.64 0.00314324
26.6384 0.00158916
26.6752 0.00149727
26.6808 0.00131756
26.8912 0.00124792
26.94 0.00177857
27.112 0.00144377
26.6616 0.00176721
26.9032 0.00139565
26.888 0.00169305
26.9504 0.00118596
26.948 0.00121568
26.7944 0.00143108
26.884 0.00109982
27.0792 0.00112137
