22.3264 0.117729
21.788 0.136165
20.5152 0.0761582
21.8944 0.114046
21.4312 0.127451
22.1432 0.130876
21.88 0.140262
22.36 0.11573
21.0336 0.106929
22.3088 0.13376
22.4024 0.119956
22.4976 0.13142
21.9296 0.110808
22.3768 0.121017
22.8 0.119691
22.6992 0.108577
21.8816 0.12725
22.5896 0.0909179
22.7888 0.113718
22.6976 0.0858653
22.012 0.106221
21.9592 0.137773
23.064 0.116024
21.176 0.121357
21.9496 0.136957
21.3048 0.177345
21.6 0.129538
21.8184 0.136766
22.6664 0.124687
21.5888 0.131193
21.336 0.0994428
23.1424 0.10716
21.8256 0.120815
22.7336 0.130952
22.388 0.0904807
21.8384 0.107062
22.6768 0.123175
21.8088 0.108622
22.328 0.124475
20.2856 0.0870567
21.9064 0.0883273
22.576 0.113192
22.2528 0.148889
21.9408 0.097027
21.028 0.130988
22.2432 0.126731
22.1496 0.122385
22.2672 0.125734
22.2552 0.141442
21.7352 0.134359
21.6088 0.151744
21.7432 0.1159
22.1912 0.123626
21.6064 0.123117
22.6704 0.131243
21.1592 0.162582
22.5544 0.0877528
20.2288 0.126442
22.836 0.125138
21.9032 0.11803
22.6472 0.131999
22.344 0.136577
22.216 0.121508
21.5256 0.126311
22.432 0.118405
22.736 0.115689
22.532 0.129931
22.5944 0.112832
22.7896 0.119658
21.7288 0.126487
22.8208 0.125935
22.6128 0.126757
21.556 0.105976
22.2768 0.146012
22.1952 0.104801
21.3088 0.0997702
21.908 0.118149
22.5072 0.0882162
21.6896 0.0798887
22.0768 0.111068
21.972 0.109436
22.132 0.109878
22.228 0.147307
22.0968 0.132206
21.5112 0.154965
22.1184 0.131331
22.464 0.117453
21.8064 0.142884
21.92 0.153145
22.4824 0.11598
22.5376 0.114673
22.5944 0.0837632
21.66 0.148478
21.9312 0.118266
22.5248 0.114536
22.2048 0.105222
22.116 0.10949
22.5888 0.133626
21.704 0.107272
23.0528 0.116453
