2.8568 0.66981
2.8784 0.557224
2.6056 0.746714
2.712 0.702135
2.816 0.640413
2.64 0.733742
2.5184 0.744294
2.7336 0.626802
2.8952 0.554859
2.528 0.701999
2.4024 0.732186
2.932 0.692611
2.5136 0.721799
2.7256 0.628097
2.7088 0.653996
2.9208 0.604528
2.9824 0.541339
2.9032 0.578072
2.5392 0.704497
2.8008 0.639295
3.1288 0.483628
2.5368 0.717102
2.6512 0.65601
2.956 0.574112
2.5496 0.742652
2.3832 0.690654
2.2704 0.801344
2.8224 0.618099
2.7928 0.565904
2.0328 0.814227
2.7104 0.579548
2.9376 0.602037
2.8736 0.582228
2.296 0.730845
2.8328 0.588256
2.68 0.610556
2.7768 0.678879
2.7664 0.708013
2.6976 0.608226
2.4416 0.682744
2.8992 0.60758
2.5632 0.701314
2.504 0.746065
2.7256 0.603929
2.8208 0.63642
3.0464 0.611191
2.8896 0.60871
2.3224 0.762769
2.3968 0.702039
2.7808 0.661341
2.3648 0.748639
2.8376 0.690191
2.7456 0.665823
2.5576 0.66812
2.6992 0.671214
2.8328 0.654705
3.0024 0.671969
3.0424 0.611463
2.8968 0.607862
2.3944 0.719152
2.528 0.754277
2.7376 0.698662
2.856 0.685795
2.7936 0.460111
2.0144 0.792021
2.9656 0.544034
2.3472 0.780175
2.6472 0.720524
2.6616 0.719075
2.7464 0.646447
2.9768 0.658373
2.9872 0.595274
2.888 0.65087
2.9064 0.628755
2.948 0.623288
2.816 0.704599
2.92 0.681278
2.7936 0.640371
3.068 0.665095
2.8632 0.608724
2.7384 0.699077
3.0216 0.667927
2.8376 0.687682
2.8808 0.697903
2.2104 0.782527
3.0416 0.650776
2.884 0.631579
2.5232 0.690146
2.7272 0.62731
2.8688 0.68673
2.8672 0.630592
2.5976 0.723942
2.5808 0.739545
2.8664 0.522075
2.7072 0.702034
2.6128 0.736443
2.6496 0.72027
2.516 0.719422
2.8536 0.655029
2.5464 0.752565
