4.6992 0.275083
3.3016 0.434115
3.7416 0.379297
4.3472 0.343958
4.0192 0.362922
3.6848 0.397515
3.0688 0.482879
3.7792 0.385056
4.2272 0.314123
4.4416 0.311423
3.736 0.392955
3.372 0.421573
4.2352 0.342033
4.0304 0.34384
5.0232 0.260075
4.1 0.349537
3.1944 0.446646
4.2368 0.294807
3.6296 0.39555
4.6664 0.279965
3.2456 0.462079
3.5104 0.437219
4.3216 0.28545
3.5936 0.415713
4.1552 0.333333
3.7424 0.383581
3.716 0.381574
3.4152 0.433594
4.2016 0.32976
3.52 0.412472
3.4144 0.407551
3.7168 0.396231
3.7112 0.3703
3.48 0.414693
3.72 0.384351
4.3192 0.334032
3.56 0.390578
3.8584 0.374043
4.6032 0.297264
3.748 0.390292
4.2216 0.332448
3.5072 0.401338
3.8912 0.371576
3.2032 0.456495
3.7568 0.328471
4.1768 0.329782
3.2408 0.464861
3.8192 0.375703
3.4968 0.432043
3.872 0.373544
3.9688 0.372264
3.6456 0.412682
4.3032 0.334941
4.232 0.344161
3.7016 0.384462
3.6888 0.406334
3.7672 0.383154
3.6384 0.397456
3.5872 0.43498
4.1824 0.343711
3.6032 0.407134
3.124 0.459665
4.2064 0.329508
4.3264 0.30844
3.6544 0.387585
4.248 0.334253
4.0288 0.344612
3.3632 0.429502
3.4024 0.424181
3.5424 0.427537
3.8672 0.350967
3.8952 0.351664
4.0432 0.349884
3.9528 0.34944
3.9016 0.35702
3.4032 0.42861
4.0648 0.350671
4.184 0.32025
3.4496 0.421596
4.7312 0.263328
4.5736 0.304755
4.212 0.33346
3.6992 0.407027
3.8384 0.364672
4.62 0.279026
3.5168 0.39399
3.944 0.366161
4.0888 0.329529
3.9928 0.376047
3.9104 0.354379
3.3304 0.451804
3.4984 0.424454
3.484 0.42295
4.2224 0.322986
3.46 0.396118
4.5664 0.28748
3.1456 0.449068
4.4592 0.295501
4.6048 0.271853
3.6384 0.396737
