6.82 0.594222
7.1824 0.559557
6.8496 0.604873
7.1656 0.556628
6.9152 0.573262
7.2296 0.567835
7.2048 0.566644
6.9144 0.583711
6.6008 0.625193
6.7984 0.591501
7.3688 0.545562
7.3 0.550094
7.12 0.566657
7.3632 0.531293
6.5984 0.600116
7.296 0.554209
7.812 0.486809
7.4672 0.543056
6.7952 0.601408
7.224 0.560049
7.3664 0.564325
7.3544 0.537924
7.6536 0.520355
7.6056 0.51746
7.0624 0.584662
6.7128 0.582184
6.7008 0.602638
7.0056 0.577752
7.0448 0.561803
6.3208 0.63815
6.6568 0.609104
7.1224 0.564667
7.1144 0.567356
7.2232 0.56059
8.1112 0.466845
6.6592 0.599634
7.1848 0.571517
6.8992 0.608782
6.596 0.609112
6.7864 0.590352
7.1016 0.57209
7.2464 0.557844
6.68 0.598171
6.7456 0.603871
7.0552 0.567314
7.2776 0.550232
7.5056 0.509464
7.084 0.553544
6.9536 0.580542
6.6776 0.601708
7.0976 0.579426
7.292 0.535162
6.9952 0.579211
7.5528 0.525053
7.1112 0.570289
7.1024 0.560256
7.4688 0.543962
7.1888 0.569966
7.2128 0.555468
6.6064 0.620235
7.3616 0.528393
7.2256 0.552805
6.7688 0.596249
7.1352 0.556688
6.8208 0.600113
7.1 0.582432
7.72 0.511368
7.42 0.546388
6.956 0.558473
7.536 0.532042
5.8848 0.682876
7.3576 0.544477
7.3408 0.54239
7.1344 0.569761
7.2576 0.537379
7.1528 0.570557
7.3352 0.551287
7.6136 0.524815
7.2272 0.555304
6.7496 0.607855
6.8368 0.590257
7.7704 0.523125
6.7784 0.595773
7.5704 0.519864
6.9432 0.591903
6.8792 0.600028
6.6568 0.614304
6.932 0.574348
6.32 0.638989
6.9768 0.581686
7.8296 0.513955
7.064 0.584431
6.4152 0.624561
7.3648 0.55191
6.7208 0.580391
7.2824 0.551532
7.6392 0.517679
7.4912 0.541834
7.368 0.52849
6.8448 0.596053
