8.492 0.337598
7.9192 0.415609
8.3336 0.372848
8.1264 0.41096
7.884 0.411712
8.0496 0.417236
7.684 0.352763
7.824 0.393526
7.812 0.479644
8.2632 0.37687
8.5728 0.386957
8.108 0.393368
7.7392 0.456181
8.2208 0.398361
8.1088 0.3818
8.1488 0.372319
8.076 0.420427
8.7744 0.358634
8.5128 0.370765
8.436 0.373664
8.1216 0.411034
8.2248 0.373415
8.624 0.381633
7.8544 0.334012
8.02 0.405679
7.3584 0.467153
8.0048 0.393171
8.0736 0.384597
8.2328 0.339219
8.0928 0.366443
7.9888 0.381442
7.9952 0.438413
8.0368 0.392661
8.184 0.409762
8.4984 0.365602
7.9736 0.371524
8.0648 0.378943
8.3048 0.363519
7.98 0.40373
7.9712 0.408665
8.4016 0.367616
8.4184 0.390642
7.9536 0.401265
8.1624 0.405246
8.4392 0.378557
8.28 0.400521
8.1056 0.389859
7.6464 0.411054
7.7528 0.419144
7.9664 0.41056
7.8336 0.433071
8.7496 0.337994
8.4688 0.370443
8.2968 0.385604
8.2472 0.4224
7.6912 0.443988
8.732 0.355553
8.1776 0.408962
8.6088 0.373267
7.9616 0.437708
8.372 0.37215
7.7336 0.450364
8.2024 0.393242
7.932 0.40873
8.2504 0.416355
8.5832 0.374147
8.0984 0.364931
8.7248 0.354216
8.1368 0.40346
8.0784 0.394205
8.7264 0.358126
8.3704 0.396249
8.404 0.384773
8.2664 0.36917
8.224 0.367385
8.5416 0.358469
8.0208 0.419321
8.7904 0.356448
8.0896 0.384053
8.0304 0.411226
7.9368 0.406568
8.1328 0.428234
7.6776 0.416525
7.8368 0.395421
7.9672 0.435143
8.0872 0.429354
7.9664 0.439144
7.7168 0.436137
7.4152 0.459218
8.084 0.420119
8.1408 0.392586
8.0672 0.409187
7.5216 0.40505
8.2192 0.383461
8.1576 0.396091
8.5432 0.397823
8.096 0.402245
8.3192 0.345563
8.0712 0.380701
8.0032 0.405727
