7.9664 0.407191
7.6496 0.434302
8.2256 0.419129
7.9568 0.389179
7.7992 0.391258
7.9216 0.425038
7.6168 0.418565
7.6872 0.437017
7.8352 0.445633
7.8992 0.414735
7.9992 0.397614
8.0408 0.389665
7.9192 0.397981
7.96 0.376879
7.132 0.468269
7.9632 0.414987
7.916 0.372264
8.2312 0.385585
7.6472 0.455545
8.1312 0.395504
8.1048 0.402935
7.5408 0.419974
8.1608 0.380857
7.996 0.376443
8.3184 0.418586
7.5344 0.416481
7.5904 0.450894
7.5624 0.452825
8.1592 0.371828
7.8544 0.456999
7.9016 0.380985
7.8096 0.434644
8.1336 0.380363
7.6864 0.451191
8.1256 0.327618
7.688 0.423481
7.8712 0.43415
8.0728 0.416402
7.7824 0.423423
7.8856 0.387269
7.9784 0.389807
8.0496 0.408848
7.8368 0.423595
7.6712 0.461897
8.0528 0.405715
8.0616 0.358275
8.0488 0.380404
7.6272 0.40222
7.8024 0.426497
7.4368 0.439291
7.8712 0.454601
8.0672 0.400832
8.1456 0.392555
7.9456 0.394242
7.7928 0.423541
7.6896 0.410885
8.2968 0.390013
8.0088 0.416132
8.2232 0.391055
7.52 0.463287
8.036 0.35431
7.6232 0.41565
8.2176 0.394982
7.6608 0.435743
7.6152 0.452018
8.0368 0.384776
7.9992 0.387166
8.1352 0.379636
7.2128 0.443216
7.7864 0.401341
8.3064 0.404269
7.9544 0.411622
7.9512 0.390918
7.616 0.43967
7.2736 0.432707
8.2024 0.395389
8.0984 0.38477
8.2 0.386521
8.0296 0.383893
7.8864 0.435621
7.6848 0.434242
8.0968 0.398669
7.9488 0.398074
7.7336 0.392013
7.9944 0.416569
7.8432 0.438552
7.8416 0.431373
7.6824 0.440808
7.908 0.448505
7.924 0.396515
8.196 0.375495
8.2936 0.400959
7.7 0.402693
8.008 0.425307
7.5192 0.418595
8.0944 0.40342
7.8496 0.410903
8.3344 0.364524
7.9848 0.35373
7.8608 0.422713
