11.5624 0.0413875
11.3312 0.0477343
11.3824 0.0456131
11.3704 0.0460434
11.2504 0.0429427
11.4368 0.0471239
10.7992 0.0509702
11.3152 0.0410847
11.4208 0.0458495
11.5232 0.0432414
11.6992 0.039159
11.3312 0.0412888
11.6344 0.0376522
11.3448 0.0447932
11.7104 0.0336678
11.5856 0.0352408
11.4288 0.0460737
11.8048 0.0314408
11.752 0.0346958
11.8088 0.0326365
11.456 0.0453333
11.3104 0.0445361
11.82 0.0296841
11.148 0.0450247
11.432 0.043059
10.912 0.0581411
11.4816 0.0463787
11.3024 0.0455344
11.668 0.0372937
11.0648 0.0460063
11.5328 0.0335858
11.8192 0.0317211
11.5208 0.0367868
11.668 0.0397656
11.88 0.0372771
11.4016 0.0414313
11.4408 0.0374882
11.4304 0.0375859
11.528 0.0373438
11.2408 0.042717
11.7344 0.0320069
11.5504 0.039324
11.3336 0.0435458
11.5576 0.0344205
11.632 0.0456186
11.6736 0.0381015
11.4144 0.041773
11.2472 0.04328
11.2616 0.0463383
11.3352 0.0425057
11.2552 0.0493919
11.7728 0.0393629
11.3632 0.044081
11.5672 0.0391414
11.4992 0.0429456
11.0216 0.0553346
11.6608 0.0295606
11.4024 0.0422658
11.6488 0.0378618
11.3416 0.0393685
11.3584 0.0440345
11.0864 0.0446712
11.6624 0.0412364
11.3752 0.0448714
11.744 0.0354163
11.6296 0.0363914
11.4368 0.0384719
11.9056 0.0338246
11.4688 0.0377878
11.4728 0.041377
11.768 0.0368624
11.6536 0.0359365
11.5568 0.0396862
11.4776 0.0439158
11.732 0.0353243
11.3096 0.0465367
11.4696 0.0420286
11.776 0.0303669
11.4496 0.0417783
11.408 0.0381113
11.3912 0.040434
11.5752 0.0395619
11.1816 0.0497654
11.2744 0.0446719
11.3184 0.0479779
11.4376 0.0460399
11.2576 0.044541
11.2424 0.0453774
11.108 0.0461634
11.476 0.0370544
11.5192 0.0371782
11.6704 0.0321125
11.2048 0.0464974
11.576 0.0410868
11.5512 0.0368863
11.8304 0.0379912
11.656 0.0398682
11.6016 0.0397298
11.4448 0.0416667
11.6776 0.0344622
