1.9552 0.844806
2.9408 0.715149
2.9544 0.697121
2.9808 0.712078
3.1688 0.675141
2.9328 0.705187
2.1936 0.796814
2.7624 0.716758
3.1832 0.668941
3.1224 0.688682
3.6096 0.610464
3.3216 0.632013
2.9816 0.707158
2.8256 0.731223
2.8784 0.732331
3.2304 0.6635
2.984 0.705929
3.1488 0.668882
2.6776 0.754511
3.1192 0.68187
3.1056 0.683876
2.3336 0.803132
3.1904 0.681851
2.8304 0.719607
3.1008 0.683979
2.884 0.716677
3.2136 0.682451
3.08 0.669868
3.112 0.672145
2.8512 0.69515
3.1176 0.666324
3.0792 0.688643
3.1688 0.656937
3.0392 0.692065
3.1968 0.682024
3.12 0.674185
2.692 0.729415
3.0656 0.677414
3.0264 0.694722
2.328 0.789861
3.1728 0.663499
3.288 0.649407
2.9104 0.714532
2.1016 0.819264
3.2944 0.65557
3.3048 0.655377
3.0808 0.683436
2.3304 0.789432
2.82 0.727505
2.9256 0.704126
3.1472 0.676533
3.356 0.644913
2.932 0.691758
2.8696 0.717559
2.984 0.695436
2.8576 0.720828
3.2408 0.645023
3.1208 0.672185
3.2992 0.663017
2.8 0.735869
2.9736 0.683713
2.8728 0.7031
3.3728 0.642196
2.8968 0.703973
3.3096 0.664857
3.0576 0.683242
2.9048 0.710677
3.148 0.683427
3.2968 0.661714
2.9008 0.716763
3.2216 0.670566
3.1848 0.667307
3.1256 0.683592
3.2032 0.66248
2.436 0.771225
2.964 0.68241
3.2712 0.661731
3.0568 0.686855
3.0816 0.670713
2.9576 0.697883
2.8088 0.71587
3.052 0.68142
3.088 0.674646
2.8736 0.708489
3.2936 0.653743
3.4888 0.62376
3.1176 0.684198
2.9464 0.696423
2.3104 0.79339
3.2336 0.662604
2.9856 0.702961
3.22 0.662474
2.8592 0.726905
3.1968 0.667775
2.9712 0.70195
3.1824 0.679891
3.1768 0.682269
3.1976 0.662615
2.8664 0.708557
1.3104 0.906597
