3.8296 0.370132
3.7048 0.392098
3.9592 0.350866
3.6632 0.399397
3.6904 0.396046
3.804 0.377373
3.7216 0.398422
3.7976 0.380287
3.8432 0.375293
3.8 0.376149
3.8216 0.375065
3.8456 0.371634
3.7056 0.390446
3.72 0.392792
3.6016 0.406304
3.8168 0.373473
3.7864 0.373362
3.8112 0.37291
3.7544 0.379561
3.804 0.367181
3.9864 0.351678
3.8016 0.376705
3.876 0.36208
3.8112 0.379768
3.8752 0.358411
3.6224 0.41057
3.8104 0.37763
3.7216 0.389341
3.8336 0.369722
3.8576 0.37287
3.6848 0.387826
3.8584 0.364307
3.8016 0.375641
3.7704 0.377246
3.9008 0.360608
3.7744 0.379537
3.7928 0.379206
3.844 0.366262
3.8232 0.381519
3.7168 0.389407
3.7424 0.383581
3.86 0.371745
3.7048 0.390497
3.7192 0.390535
3.7632 0.381866
3.86 0.362363
3.7456 0.383461
3.7816 0.37868
3.7984 0.376657
3.7224 0.39343
3.856 0.371823
3.7992 0.375789
3.8184 0.374935
3.7752 0.380383
3.7464 0.384787
3.7376 0.385506
3.8448 0.365209
3.8168 0.372402
3.7664 0.3784
3.7384 0.389709
3.748 0.384444
3.844 0.370744
3.7928 0.374043
3.6816 0.394235
3.8056 0.375967
3.908 0.356475
3.8016 0.372093
3.748 0.380373
3.7008 0.396714
3.748 0.38678
3.8344 0.367344
3.736 0.383173
3.816 0.372121
3.7832 0.37719
3.82 0.371958
3.864 0.362797
3.7368 0.388773
3.8312 0.370944
3.8472 0.374805
3.8184 0.372552
3.728 0.390929
3.9408 0.359094
3.8296 0.373347
3.7856 0.379735
3.9088 0.365455
3.8416 0.370725
3.7552 0.386726
3.756 0.38183
3.744 0.388795
3.748 0.383877
3.9144 0.359052
3.956 0.353933
3.8464 0.372733
3.8352 0.369294
3.7112 0.392881
3.7576 0.380506
3.8408 0.372172
3.7656 0.373736
3.788 0.382579
3.868 0.363983
