13.108 0.140256
11.5368 0.150056
12.3488 0.13066
12.864 0.125326
12.0984 0.147327
12.5488 0.100883
10.9848 0.159772
12.1352 0.153279
13.1992 0.115904
13.2976 0.113446
12.1888 0.152897
11.4816 0.141781
12.6216 0.123159
12.1224 0.170653
14.0944 0.110516
12.6728 0.127746
11.4792 0.144977
13.4376 0.102149
12.3144 0.137357
13.6624 0.12425
11.064 0.16802
11.4424 0.164496
13.428 0.116393
11.516 0.160348
12.8176 0.138
11.9392 0.142939
12.2696 0.131688
11.716 0.16185
13.088 0.116678
11.4616 0.159263
12.4768 0.09907
11.9568 0.154495
12.7696 0.112631
12.2224 0.116572
11.8176 0.158387
13.6256 0.0919173
12.4672 0.117854
12.6848 0.103218
13.7168 0.0933319
12.5208 0.123488
13.7544 0.0812761
12.148 0.150917
12.3744 0.148191
11.4016 0.141342
12.784 0.103053
13.0696 0.107707
11.6728 0.139428
12.088 0.163576
11.5264 0.178235
12.4456 0.130165
12.224 0.15757
11.5264 0.169089
13.0248 0.133482
13.2216 0.104033
12.5048 0.132719
11.8 0.140293
12.6272 0.107896
12.2472 0.132733
11.3232 0.162039
12.5592 0.135327
11.9272 0.154147
11.3136 0.173176
12.7864 0.136101
12.9752 0.126931
12.948 0.095709
13.0064 0.118186
12.484 0.127432
11.5192 0.158249
11.768 0.143323
11.5328 0.175569
12.5472 0.12507
12.6416 0.115081
12.3232 0.153533
13.164 0.104685
12.516 0.148386
11.504 0.168402
12.7304 0.130532
13.472 0.100139
11.4536 0.147392
14.0128 0.0922001
13.4912 0.107866
12.968 0.114933
11.5872 0.185743
12.5688 0.123661
13.5664 0.109068
12.2528 0.132385
12.3232 0.156223
12.9376 0.112112
13.0256 0.125282
12.9032 0.102898
11.804 0.13663
11.8512 0.154017
11.9504 0.129994
12.844 0.113228
12.2168 0.111893
13.396 0.110869
11.648 0.147042
13.3392 0.118011
13.5888 0.110913
12.448 0.112885
