6.1 0.598325
7.5312 0.46417
4.6704 0.758631
7.3168 0.450526
6.7776 0.557967
6.3416 0.611992
6.2848 0.578292
6.412 0.571871
6.4384 0.605548
5.06 0.679893
5.788 0.631732
6.7352 0.584514
5.6248 0.642279
7.0728 0.528102
7.3408 0.479819
7.4424 0.47127
8.416 0.379717
6.8488 0.562969
7.7992 0.383443
6.7144 0.566343
8.2024 0.424021
7.0712 0.542613
6.6432 0.564894
6.5 0.515099
6.4504 0.601434
6.2104 0.612083
5.7496 0.669548
6.1704 0.584362
7.3024 0.450385
4.9448 0.709935
7.3496 0.398166
7.5976 0.422183
7.0664 0.526913
6.26 0.596275
6.5312 0.517351
6.2616 0.574758
7.2016 0.506632
7.0488 0.559802
6.708 0.550378
6.1648 0.584425
8.1776 0.324746
6.7624 0.567887
6.164 0.623577
7.2248 0.486496
6.544 0.576385
8.0704 0.42033
7.1104 0.539697
5.644 0.66202
5.7704 0.612974
6.9632 0.539666
5.7184 0.65745
6.0288 0.635484
6.852 0.563099
5.828 0.617846
7.6088 0.46153
7.1248 0.51192
6.6328 0.598557
7.516 0.484895
6.8856 0.560486
6.2064 0.571002
5.7024 0.672517
7.012 0.530178
5.764 0.650429
7.9248 0.347216
5.8208 0.625662
7.8232 0.451235
5.5504 0.687238
6.0176 0.627458
5.6184 0.683235
6.7624 0.516031
7.776 0.454239
7.6848 0.460519
7.3888 0.500568
7.068 0.509167
7.6536 0.433905
7.5592 0.470407
7.1736 0.508658
6.8296 0.573747
7.308 0.510503
6.4392 0.566021
7.248 0.498838
7.2808 0.466624
6.9464 0.54994
6.6416 0.575888
5.2752 0.686969
7.5224 0.490987
7.4128 0.47976
5.2856 0.689477
7.1184 0.52506
5.528 0.688177
5.188 0.697062
6.2312 0.626821
6.4608 0.572246
7.3808 0.501324
6.2352 0.600451
4.94 0.729546
6.9168 0.536979
6.9536 0.490444
7.496 0.474275
6.3976 0.612961
