4.696 0.275309
3.296 0.43492
3.7352 0.379782
4.344 0.344124
4.0168 0.363383
3.6896 0.39673
3.0776 0.481257
3.7712 0.386038
4.2336 0.312727
4.4264 0.313524
3.7368 0.392825
3.3728 0.421197
4.2312 0.34241
4.0248 0.344495
5.024 0.259521
4.0944 0.350013
3.1912 0.447047
4.236 0.294376
3.632 0.394909
4.6704 0.27917
3.2424 0.462253
3.5072 0.437444
4.3248 0.284731
3.5912 0.415951
4.1552 0.333077
3.7448 0.382698
3.7216 0.380229
3.4144 0.433577
4.1992 0.329972
3.5224 0.412071
3.4104 0.408163
3.7088 0.397296
3.7024 0.371623
3.4816 0.414266
3.7144 0.385115
4.3184 0.333745
3.5576 0.390822
3.8632 0.372776
4.6016 0.296993
3.748 0.390212
4.2248 0.331857
3.5112 0.400492
3.8888 0.37172
3.1944 0.457915
3.7536 0.328851
4.188 0.327726
3.2464 0.463795
3.816 0.376144
3.492 0.43297
3.872 0.373382
3.9648 0.372579
3.6448 0.412508
4.3048 0.334611
4.2168 0.34603
3.7008 0.384595
3.6888 0.406105
3.7672 0.383154
3.6448 0.396236
3.5744 0.436925
4.172 0.344932
3.6008 0.407373
3.1176 0.460623
4.204 0.329548
4.328 0.308007
3.6536 0.38772
4.2424 0.334964
4.0336 0.343575
3.364 0.429289
3.4016 0.424004
3.544 0.427056
3.8584 0.35227
3.8944 0.351539
4.0384 0.350572
3.9488 0.349756
3.8984 0.357378
3.4 0.42907
4.0584 0.351445
4.1832 0.320114
3.452 0.421116
4.72 0.264706
4.5808 0.303237
4.216 0.332489
3.692 0.408182
3.8368 0.364684
4.6192 0.278971
3.5056 0.395753
3.944 0.366079
4.076 0.33154
3.9928 0.375735
3.9096 0.354596
3.3248 0.45251
3.4936 0.425016
3.4816 0.423118
4.2176 0.323322
3.4608 0.395726
4.56 0.288301
3.1432 0.449411
4.4552 0.295687
4.608 0.271347
3.6304 0.397824
