26.8536 0.0320934
26.2136 0.0421246
26.8088 0.0288074
26.3936 0.0433497
26.2144 0.038159
26.5816 0.0237976
26.016 0.0374142
26.6648 0.0292696
27.1608 0.0204559
26.6896 0.0371161
26.5472 0.0300763
26.4104 0.0259928
26.472 0.0388916
26.4256 0.0338696
27.3112 0.0218892
26.6744 0.0305295
26.6384 0.0276253
27.4976 0.0150443
26.8584 0.0266156
27.148 0.0219052
25.408 0.0485321
25.6672 0.0309876
27.0288 0.020724
26.2456 0.0334109
26.0344 0.0537075
26.2216 0.0383464
26.5632 0.0290092
26.4928 0.0324315
27.0392 0.0205743
26.5448 0.0242317
27.5976 0.0134977
26.6032 0.0358365
27.2728 0.0218071
26.7656 0.0219539
26.2576 0.0274963
27.3704 0.0194881
26.7448 0.0320236
26.9584 0.0273625
27.4776 0.0169157
26.8936 0.0234146
27.4664 0.0158234
26.5984 0.0209658
26.612 0.0339771
26.5744 0.0213017
27.1848 0.0167819
27.0536 0.0242938
26.4992 0.0337505
26.4408 0.0335965
26.1248 0.0436922
26.8032 0.0303592
26.2112 0.036523
26.0992 0.0418514
26.6416 0.029662
27.0592 0.0251888
27.0896 0.0185496
25.972 0.0424434
27.164 0.0159682
26.888 0.0198594
25.6392 0.0434847
26.7976 0.0252866
26.3056 0.0306871
26.0984 0.0327334
26.8224 0.0275256
26.82 0.0304248
27.4808 0.0158998
26.7424 0.0345425
26.2184 0.0429564
26.224 0.0301488
26.6336 0.0253813
26.2872 0.0350063
26.608 0.0360817
27.02 0.0236182
26.2832 0.0359176
26.7928 0.0274422
26.956 0.0233899
25.6952 0.0406511
26.8416 0.0321632
27.3584 0.0218803
26.2016 0.0267443
27.2432 0.0280283
27.0792 0.0253952
27.0768 0.0222158
26.028 0.0347989
26.664 0.0350318
26.884 0.0297947
26.6328 0.0298412
26.6424 0.0245167
27.0816 0.0213922
26.8808 0.0348977
26.936 0.0249059
26.564 0.0362233
26.5592 0.019174
26.8592 0.0219646
26.9 0.0290772
27.2968 0.0135303
27.0408 0.0294878
26.9424 0.0138214
26.8296 0.0392747
26.9368 0.0279173
27.1504 0.0214803
