24.0792 0.105155
23.6056 0.13755
23.9312 0.113029
23.5168 0.126081
23.5864 0.132368
24.112 0.104043
23.7296 0.125556
24.1216 0.118363
23.7048 0.131769
24.0952 0.114564
24.064 0.11506
23.7336 0.105769
24.0704 0.114616
23.7184 0.123126
23.7352 0.120084
24.2408 0.109056
23.7624 0.112416
24.0832 0.111976
24.0656 0.117364
24.4808 0.108934
23.9192 0.106773
23.5304 0.131976
24.1904 0.112917
23.7784 0.118247
24.2152 0.116724
23.3584 0.130857
23.8968 0.114619
24.0552 0.122995
24.256 0.109649
23.9832 0.123216
24.268 0.103496
24.468 0.106851
24.3808 0.110346
24.0184 0.122853
23.7568 0.113473
23.9496 0.115964
24.1352 0.114629
24.1416 0.115744
24.1384 0.118702
23.8384 0.111144
24.1264 0.109885
23.952 0.123588
23.7496 0.119759
23.8896 0.123202
23.9112 0.120084
23.6568 0.113499
23.9872 0.114968
23.6472 0.113992
24.2672 0.115111
23.332 0.131761
23.8736 0.124046
23.8888 0.117635
23.9424 0.118183
24.1048 0.123385
24.0296 0.113561
23.4304 0.139044
24.7936 0.0980472
24.208 0.113987
24.1672 0.107589
23.6392 0.11936
23.792 0.130282
23.9352 0.11359
23.9272 0.115432
23.5736 0.133757
23.9656 0.116234
24.3448 0.109736
24.1328 0.117669
24.16 0.106509
23.404 0.137173
23.964 0.120858
24.0304 0.12059
24.0864 0.121293
24.2 0.106431
23.6704 0.125521
23.7736 0.108802
24.104 0.117277
23.972 0.123087
24.2104 0.106469
24.02 0.115741
24.028 0.108039
23.976 0.121166
24.1128 0.105794
23.7792 0.117039
23.7584 0.128478
24.14 0.122054
23.7408 0.124007
24.0848 0.112493
23.8912 0.115219
23.8168 0.119253
23.9464 0.113936
24.1144 0.112188
24.6392 0.0956366
23.3208 0.126771
23.932 0.132245
23.52 0.119892
23.6472 0.120111
24.2128 0.107461
24.2872 0.113735
24.0584 0.105822
24.1528 0.0993676
