11.0048 0.10565
10.6144 0.122719
10.7952 0.110305
10.7016 0.12282
10.6288 0.117268
10.688 0.125597
10.1632 0.124164
10.6768 0.116568
10.7424 0.121836
10.8816 0.117956
10.992 0.114862
10.7656 0.0964211
10.9992 0.111075
10.7352 0.116532
11.0168 0.108269
10.9624 0.105256
10.7096 0.119392
11.228 0.0878664
11.1944 0.0873337
11.184 0.097424
10.8256 0.120671
10.7336 0.107734
11.2584 0.0924744
10.5304 0.115152
10.9152 0.100771
10.2256 0.138098
10.8496 0.117632
10.6496 0.112888
11.0624 0.106025
10.4392 0.113037
10.9216 0.0971497
11.2616 0.0933857
10.8768 0.106643
11.024 0.106239
11.232 0.100173
10.728 0.110035
10.8072 0.10637
10.8496 0.101795
10.888 0.105899
10.6288 0.110412
11.2064 0.0887328
11.0288 0.0965332
10.6952 0.113932
10.9136 0.0983477
11.0328 0.110774
11.0712 0.099961
10.7896 0.104984
10.6256 0.110143
10.6032 0.12636
10.6672 0.123686
10.5808 0.122653
11.1368 0.10654
10.7192 0.124592
10.8336 0.118646
10.8472 0.113501
10.3696 0.132396
11.1632 0.0795515
10.7848 0.116463
10.948 0.109223
10.6632 0.108786
10.656 0.12253
10.4112 0.118472
10.9456 0.119506
10.6696 0.121004
11.0928 0.110641
10.976 0.102035
10.856 0.0993562
11.2744 0.100696
10.832 0.106507
10.8504 0.107873
11.228 0.0919384
11.0472 0.103952
10.9736 0.0986924
10.8904 0.114256
11.0904 0.104689
10.712 0.109234
10.8528 0.105617
11.1952 0.095118
10.7832 0.111587
10.7544 0.109912
10.7416 0.112792
11.0256 0.0998628
10.5792 0.118752
10.708 0.103543
10.6688 0.122689
10.7784 0.123194
10.6576 0.11234
10.572 0.121635
10.5288 0.118368
10.9168 0.0965905
10.8056 0.112666
11.0704 0.0967363
10.5592 0.12229
10.8704 0.112765
10.896 0.116789
11.192 0.103205
10.9344 0.121029
10.8016 0.118611
10.904 0.101042
11.1144 0.0946827
