11.5408 0.0411432
11.3144 0.0481863
11.356 0.0467396
11.364 0.0455553
11.2248 0.0432974
11.3992 0.0493695
10.7632 0.0529354
11.2808 0.0411397
11.4072 0.0455184
11.4952 0.0438515
11.6816 0.040163
11.304 0.041514
11.5856 0.0390817
11.3256 0.0449302
11.6752 0.0346607
11.5584 0.0359645
11.3888 0.0475043
11.7744 0.0313282
11.7136 0.0351871
11.7688 0.0324893
11.4344 0.044841
11.2848 0.0452146
11.7992 0.0310098
11.1304 0.0451582
11.404 0.0433528
10.8752 0.0594991
11.436 0.0482056
11.2648 0.0464549
11.6472 0.0389465
11.0352 0.0467173
11.5048 0.0343137
11.7704 0.0333749
11.4832 0.0371613
11.6304 0.0400792
11.8432 0.0383891
11.3752 0.0419109
11.4104 0.0376493
11.4064 0.0379217
11.4872 0.0379874
11.2128 0.0441899
11.7048 0.0324693
11.5304 0.0395815
11.3072 0.0443543
11.5336 0.0353941
11.6024 0.0456041
11.6536 0.0388625
11.3848 0.0423928
11.2192 0.0442309
11.228 0.0473766
11.316 0.0432871
11.232 0.0494889
11.7264 0.0411461
11.3392 0.0445568
11.5256 0.0401093
11.484 0.0428086
11.0008 0.0553686
11.6288 0.0301575
11.3888 0.0425718
11.6136 0.0384182
11.3256 0.0396174
11.332 0.0443905
11.06 0.0458937
11.6312 0.0424159
11.3336 0.045929
11.6784 0.0380231
11.6024 0.0367935
11.4104 0.0390757
11.8712 0.0346106
11.4448 0.0387691
11.4432 0.041608
11.7496 0.0370443
11.6176 0.0373857
11.544 0.0394089
11.4528 0.0449633
11.7008 0.0364319
11.2936 0.0471144
11.4576 0.0418144
11.7448 0.0322985
11.412 0.0418458
11.38 0.0385265
11.368 0.0411606
11.5536 0.0404624
11.164 0.0497753
11.244 0.0456305
11.2872 0.0484252
11.4152 0.0461261
11.2216 0.0459121
11.2128 0.0452966
11.0776 0.0468094
11.4392 0.0389811
11.484 0.0383842
11.6368 0.0335526
11.176 0.0473917
11.548 0.0420096
11.5168 0.0374432
11.7824 0.0400834
11.5976 0.0417107
11.58 0.0405647
11.424 0.0416751
11.6544 0.035104
