6.7144 0.453189
6.0328 0.633558
7.0728 0.461177
7.2408 0.511074
6.4488 0.44449
6.468 0.600859
6.3696 0.527786
6.4256 0.583748
6.3896 0.559046
7.3232 0.418831
6.216 0.619975
5.9712 0.657269
6.4232 0.569237
8.3896 0.289787
6.9368 0.556879
7.7472 0.411235
7.0016 0.552556
8.248 0.375189
7.1776 0.519906
8.2672 0.273635
6.748 0.522015
7.5848 0.406436
7.6 0.438833
6.604 0.422566
5.9368 0.633241
5.9936 0.629219
7.1512 0.543206
6.9496 0.517871
7.6824 0.453847
6.3648 0.515882
8.2304 0.34371
8.0376 0.353724
8.152 0.365662
7.6056 0.48633
8.1904 0.341057
7.1072 0.313022
7.3544 0.502274
7.5872 0.415902
7.1304 0.535321
6.4088 0.561857
8.1056 0.233179
7.1864 0.540723
5.5392 0.678402
7.2008 0.442214
6.8456 0.520965
7.9648 0.441396
7.4432 0.414106
6.76 0.506368
6.7232 0.52103
6.7616 0.54145
6.668 0.543613
6.9872 0.518204
7.3096 0.48752
7.6784 0.298699
6.8384 0.563744
6.4432 0.562568
6.7096 0.537192
6.58 0.546532
6.8016 0.555055
7.0312 0.523425
7.32 0.465194
7.0824 0.52678
7.0232 0.499201
7.1424 0.404403
5.3632 0.677336
7.7608 0.419206
7.2544 0.496781
7.3192 0.522295
7.0368 0.539476
6.8 0.545406
7.1544 0.543165
7.1384 0.447868
5.9992 0.60767
6.4136 0.611955
7.8224 0.421489
7.3896 0.445092
6.8144 0.521649
6.1208 0.633362
7.5984 0.386315
7.4264 0.485906
7.4416 0.443194
7.2752 0.49559
7.1688 0.507827
7.4432 0.471274
5.6416 0.66556
6.8096 0.587916
6.3232 0.609505
7.4696 0.463082
6.4944 0.576216
5.6104 0.671014
7.3832 0.50073
6.7088 0.575972
6.6592 0.58002
7.384 0.461368
6.364 0.58202
6.004 0.661311
7.336 0.446189
7.332 0.477182
8.0816 0.389939
6.0384 0.646331
