10.8712 0.208561
9.4592 0.238635
10.024 0.183447
9.5184 0.312612
9.7288 0.23951
10.3096 0.193201
8.9336 0.206551
9.6376 0.238736
10.5704 0.236904
10.4584 0.272914
9.8 0.223652
8.7048 0.315014
10.304 0.227771
10.0176 0.245071
11.4464 0.204138
10.1136 0.250489
9.4824 0.184464
11.0904 0.179218
10.1456 0.193052
10.7368 0.209274
8.9504 0.257253
8.9888 0.262052
11.188 0.187674
9.6008 0.19559
10.36 0.219691
9.5568 0.259025
9.5488 0.237268
9.42 0.240714
10.5568 0.21415
9.1832 0.263364
10.384 0.15769
9.6096 0.239939
10.4072 0.181464
10.04 0.214692
9.376 0.246883
10.2168 0.281923
9.6792 0.281361
9.8344 0.234796
10.672 0.228366
10.6224 0.142857
11.1984 0.18398
10.1312 0.181172
9.8088 0.267869
9.4808 0.162118
11.0448 0.124207
10.3984 0.231206
9.4768 0.192887
9.9 0.227817
9.336 0.241074
10.116 0.224328
9.9536 0.234998
9.064 0.278482
10.912 0.171677
10.556 0.2202
10.268 0.184872
9.3352 0.240448
10.5088 0.139018
9.8328 0.240358
8.98 0.308465
10.3976 0.212923
9.7776 0.203519
9.148 0.215168
10.4496 0.226551
10.7944 0.179208
10.6592 0.156014
10.2448 0.21867
10.376 0.211167
9.332 0.244495
9.6008 0.194996
9.3224 0.22991
10.2288 0.21779
10.3176 0.195145
10.2888 0.216509
10.6992 0.198009
10.672 0.158519
9.4256 0.228472
10.1736 0.230625
10.2464 0.232732
9.4792 0.197603
11.1928 0.23236
10.7544 0.220515
10.0672 0.283861
9.5184 0.234314
10.4136 0.170258
10.9728 0.188018
9.9864 0.205107
9.3584 0.313699
10.452 0.216539
10.1944 0.211936
10.9056 0.152397
9.0512 0.26322
9.9472 0.166678
9.5224 0.228731
10.7592 0.146149
10.2832 0.148065
10.8008 0.224437
9.5824 0.197991
10.816 0.222765
11.032 0.205004
9.8856 0.211423
