26.4584 0.04697
25.7536 0.0666821
26.204 0.0504146
26.012 0.0642358
26.152 0.0563478
25.8632 0.0656628
25.8736 0.0621973
26.3304 0.0505409
25.8608 0.0656415
26.0696 0.0618396
26.4664 0.0447826
26.252 0.0508215
26.3976 0.0499813
26.0088 0.0605386
26.5256 0.0469936
26.3928 0.0530984
25.9936 0.0594297
26.8408 0.0366106
26.536 0.0437064
26.584 0.0454167
25.9488 0.063734
26.1608 0.050659
26.8488 0.0362958
26.2776 0.0463374
25.9888 0.0625343
25.4496 0.0732389
25.7568 0.0690762
25.968 0.062175
26.3352 0.0525816
26.2984 0.0487036
26.5472 0.0482691
26.6088 0.0458418
26.512 0.0437166
26.5104 0.0458943
26.6264 0.0399227
26.288 0.053326
26.4128 0.048256
26.3824 0.0511839
26.5608 0.0432816
26.2544 0.0515029
26.7584 0.0413299
26.3544 0.0499221
26.028 0.0623919
26.596 0.0430615
26.164 0.0511489
26.3688 0.0500331
26.2104 0.0522708
26.148 0.0583948
26.1072 0.0572023
25.9664 0.066843
25.92 0.0607879
26.2688 0.0529534
26.2688 0.0539084
26.1328 0.0581281
26.456 0.0431965
25.7656 0.0597594
26.9672 0.0319348
26.3048 0.0505053
26.5376 0.0423235
26.2064 0.0557205
26.2992 0.0494448
25.94 0.063105
26.3552 0.0493998
26.18 0.0537258
26.4584 0.0480398
26.672 0.0399677
26.4288 0.0482556
26.5296 0.045588
26.2072 0.0556645
26.008 0.0658314
26.508 0.0475985
26.58 0.0431965
26.3704 0.0489888
26.0536 0.0601154
26.3032 0.05425
26.1136 0.0533337
26.5856 0.0363346
26.8592 0.0371114
26.3136 0.0509277
26.4832 0.0458843
26.2128 0.0567135
26.5752 0.044415
25.9808 0.0555459
26.408 0.0433825
25.9904 0.0578273
25.8656 0.0655761
26.2352 0.0479868
26.1472 0.051125
26.0928 0.0556762
26.3376 0.0505278
26.308 0.0546756
26.5464 0.0499599
26.1456 0.0528329
26.164 0.0591467
26.3976 0.0490504
26.3112 0.0529544
26.0952 0.0632646
25.984 0.0635452
26.1664 0.0587626
26.5856 0.0450026
