25.5576 0.084587
24.448 0.123024
24.9616 0.104651
24.9184 0.109676
24.86 0.111813
24.6216 0.12126
24.4704 0.125107
25.1528 0.102096
24.6864 0.116879
24.9456 0.11372
25.3736 0.0897951
25.176 0.0973238
25.1848 0.102057
24.7744 0.11563
25.4816 0.0909817
25.584 0.0872506
24.6944 0.11677
25.708 0.085463
25.5416 0.0904766
25.6464 0.0839001
24.8272 0.112198
24.748 0.115814
25.7592 0.0828586
24.9128 0.102927
24.9768 0.105953
24.1272 0.13194
24.588 0.122208
24.888 0.108826
25.416 0.0917148
24.816 0.112599
25.668 0.0857151
25.7112 0.0839414
25.4752 0.0896773
25.2208 0.102795
25.3144 0.0973328
25.2304 0.0974702
25.3168 0.0958544
25.4952 0.0882849
25.5032 0.0894056
24.9544 0.10765
25.8192 0.0814549
25.368 0.0929634
24.9072 0.110406
25.6136 0.0861424
24.9488 0.104134
25.3592 0.0908335
24.8504 0.109917
25.024 0.105903
24.8088 0.113287
24.9568 0.108558
24.7416 0.110194
25.1472 0.100318
25.1008 0.102748
25.156 0.100929
25.168 0.10122
24.3928 0.121145
25.9112 0.0769472
25.184 0.0984592
25.376 0.092054
25.0528 0.104387
24.6816 0.120324
24.8544 0.107959
25.1176 0.102789
24.7768 0.114153
25.3448 0.0953197
25.3488 0.0979075
25.3496 0.092635
25.5328 0.0890253
25.3008 0.0944855
24.8944 0.112335
25.3432 0.0972844
25.2064 0.101568
25.1344 0.102907
25.0424 0.104708
25.3192 0.0978822
24.8688 0.108057
25.28 0.0947893
25.668 0.0880798
25.1896 0.098775
25.4496 0.091501
25.1864 0.100999
25.4344 0.0937518
24.9216 0.102506
24.912 0.109955
24.8168 0.106795
24.8832 0.107336
25.0416 0.100233
25.0544 0.0994105
24.852 0.108787
25.204 0.100423
25.2104 0.101605
25.7536 0.081095
24.8056 0.111675
25.0936 0.103723
25.3016 0.0974545
25.1712 0.103053
25.1736 0.101225
25.092 0.104036
25.3336 0.0933635
25.7184 0.0826913
