22.116 0.113715
21.8472 0.14028
21.6096 0.0994799
21.6952 0.128679
22.2424 0.141803
22.8728 0.123809
20.8768 0.117782
22.428 0.113013
21.7584 0.131526
22.5848 0.123043
21.6032 0.107424
21.6776 0.104143
21.6336 0.106817
22.4432 0.139395
21.696 0.141365
22.3872 0.114262
21.9312 0.116447
21.9968 0.130231
21.7808 0.102607
22.572 0.113294
22.344 0.115439
22.5288 0.136695
22.5672 0.113566
22.0288 0.112744
22.5496 0.113421
21.1192 0.127594
21.8392 0.0970463
22.3128 0.123806
22.02 0.113155
21.9568 0.116384
20.8648 0.106417
22.864 0.111346
22.4032 0.11962
22.6632 0.133643
21.9136 0.116587
22.3368 0.131432
22.288 0.123486
22 0.107838
21.7016 0.1273
21.7808 0.0927691
22.1464 0.117673
22.3144 0.123468
22.0424 0.122907
22.4872 0.132197
21.9288 0.132124
21.8488 0.120928
22.3168 0.122381
22.3792 0.142533
22.128 0.109781
21.4952 0.128592
22.3912 0.142284
22.1432 0.12386
22.6696 0.132523
22.3776 0.13608
20.9936 0.113596
21.4224 0.145728
23.3312 0.105234
22.6768 0.125069
21.904 0.0987492
21.4912 0.112081
22.064 0.133522
22.0272 0.11215
22.2928 0.124894
21.0152 0.124746
21.9464 0.131097
22.8304 0.118545
22.736 0.128435
22.5184 0.115844
22.176 0.149563
22.1392 0.110075
22.7112 0.123715
22.2624 0.125511
22.4344 0.119059
21.716 0.125371
22.1832 0.105285
22.5576 0.113748
21.9008 0.118552
22.2112 0.107037
19.7552 0.0742643
21.1808 0.105087
22.3328 0.123737
22.1368 0.109599
22.3136 0.122783
22.38 0.142266
21.932 0.138381
22.2928 0.124482
22.2544 0.103657
22.564 0.134524
22.2464 0.146732
22.2608 0.118063
22.2928 0.102139
22.9456 0.0992117
21.1992 0.103643
21.2912 0.117953
21.7232 0.13318
22.008 0.134906
22.504 0.1095
22.3168 0.12296
21.924 0.117505
21.7128 0.105998
