27.1568 0.01978
26.5912 0.0260205
27.1976 0.0124328
27.2032 0.00938064
26.752 0.017684
26.8168 0.0168353
26.524 0.0180951
26.9328 0.020597
27.412 0.012052
27.0824 0.0238184
27.0032 0.0118563
26.7128 0.01516
26.9416 0.020277
26.9832 0.0120965
27.6336 0.0106548
27.0744 0.0139273
26.9704 0.0147295
27.6952 0.00907373
27.2656 0.0106821
27.4976 0.00799446
26.0656 0.0229699
26.0312 0.0178388
27.324 0.0105163
26.7224 0.0145736
26.584 0.0278509
26.7912 0.0150584
26.9384 0.0175352
26.8048 0.0191739
27.3736 0.0103257
26.768 0.0166632
27.8112 0.00779176
27.2584 0.00841045
27.5512 0.0104589
27.0288 0.0126249
26.592 0.0172949
27.6168 0.0102641
27.1472 0.0147494
27.436 0.00804096
27.7296 0.00647787
27.192 0.0133813
27.7456 0.00596159
26.952 0.0078921
27.0568 0.0164883
26.7744 0.0141973
27.4344 0.00807011
27.3904 0.0132857
27.0112 0.0119974
26.9 0.0122206
26.7264 0.0185664
27.132 0.0164434
26.512 0.0302853
26.464 0.0292858
27.1216 0.0113729
27.4152 0.0114807
27.26 0.0130626
26.488 0.0182648
27.3944 0.00667189
27.0704 0.0133256
26.1152 0.023687
27.124 0.0145901
26.6744 0.0152978
26.424 0.0253187
27.0992 0.0180595
27.3392 0.00763713
27.7376 0.00553564
27.2032 0.0153472
26.6432 0.0256005
26.6264 0.0147128
27.0656 0.00698562
26.728 0.0195158
27.0808 0.0161023
27.3512 0.0105059
26.7464 0.0178608
27.1864 0.0127248
27.276 0.0123117
26.2272 0.0184725
27.3336 0.0114001
27.6184 0.012387
26.4832 0.0162551
27.6048 0.0145085
27.408 0.0135046
27.3688 0.0132391
26.4512 0.0195706
27.1784 0.0135885
27.3728 0.00960982
26.9496 0.017356
26.856 0.0183062
27.4328 0.00873009
27.4264 0.00927638
27.2056 0.0161435
27.0984 0.0156059
26.8224 0.0105064
27.16 0.00971327
27.2968 0.0128454
27.4424 0.00992871
27.5472 0.00840869
27.1472 0.00832871
27.3704 0.0153116
27.2144 0.0186927
27.3912 0.0117474
