8.2616 0.42869
6.8368 0.487496
7.1928 0.474364
6.7832 0.576685
7.2592 0.356956
6.9424 0.46233
6.8288 0.498826
7.9416 0.435613
6.1544 0.631067
7.3384 0.531751
8.036 0.429002
6.0384 0.49633
7.912 0.422515
7.5616 0.44602
7.6768 0.559007
7.8016 0.416118
6.9392 0.50797
7.9624 0.425346
7.4072 0.499324
8.82 0.403474
6.7904 0.545391
6.2712 0.589538
8.2568 0.46065
7.6368 0.36911
7.088 0.562188
6.368 0.603329
6.6704 0.570029
6.9904 0.520259
7.5016 0.440179
5.2256 0.68721
7.4152 0.364789
6.388 0.574791
7.612 0.513498
7.0952 0.474741
6.6928 0.468285
8.1624 0.428243
7.636 0.449062
7.7816 0.447455
8.8016 0.333737
7.6512 0.480894
7.5808 0.493099
7.1952 0.523925
6.8856 0.472675
7.6768 0.474451
8.544 0.368122
6.8656 0.58503
7.3288 0.484584
7.8624 0.331383
6.6728 0.534438
7.4 0.515808
6.904 0.552873
6.7288 0.430728
7.12 0.394805
7.5408 0.359473
7.4152 0.441121
6.0104 0.580068
6.9416 0.517944
6.812 0.486026
5.512 0.560419
8.2968 0.405435
6.7 0.564301
7.1048 0.407064
8.6136 0.403887
6.8752 0.513115
5.796 0.66705
8.184 0.387609
7.1184 0.534331
6.6376 0.436345
7.3248 0.424006
6.2256 0.572981
7.2872 0.512418
7.34 0.395746
7.0544 0.538494
6.8848 0.5537
8.2992 0.352192
5.66 0.596291
7.0064 0.580093
8.6776 0.340968
5.3088 0.679033
8.1856 0.529758
7.484 0.496068
7.8384 0.456723
5.8432 0.585424
7.1688 0.496403
6.888 0.60432
5.6744 0.638702
6.7928 0.559961
7.6416 0.494603
6.5248 0.543644
7.9688 0.454192
7.3504 0.458574
6.4784 0.586457
6.94 0.5355
6.7112 0.479041
7.78 0.285924
8.2832 0.439355
7.0048 0.513393
8.3944 0.363791
8.5968 0.389397
7.6448 0.441496
