9.1392 0.465519
9.1152 0.460716
9.2152 0.465624
7.9704 0.556214
8.732 0.484704
8.2648 0.536165
8.2872 0.526207
7.792 0.570698
9.0208 0.473699
8.7944 0.498632
8.3672 0.526871
8.8104 0.494492
8.5896 0.500233
8.2472 0.535882
8.3248 0.524623
8.5216 0.51414
9.2032 0.4581
9.2984 0.455112
8.6592 0.5006
9.0608 0.473674
8.6776 0.509385
9.4576 0.42853
9.2912 0.456121
8.148 0.545475
9.1576 0.461039
8.3432 0.516504
8.4224 0.526257
8.9976 0.470854
7.5368 0.595544
8.8144 0.486675
8.7712 0.489524
8.7384 0.493649
9.3128 0.449103
8.2808 0.524791
8.5616 0.521463
7.5304 0.592775
8.5768 0.504277
8.4624 0.526457
8.7712 0.49229
8.8384 0.480216
8.164 0.540398
7.276 0.614782
8.3 0.528216
6.7472 0.646017
7.7416 0.58251
9.0264 0.476718
8.236 0.534353
8.3648 0.517623
8.4544 0.518564
8.1392 0.540864
8.1864 0.546108
9.1624 0.454281
8.6768 0.509652
8.092 0.545638
9.0536 0.469781
8.488 0.508933
8.4616 0.526502
8.8096 0.496801
8.8808 0.475502
8.3792 0.526428
9.324 0.442104
8.3792 0.52557
9.1168 0.462529
8.3072 0.521805
8.6152 0.504942
9.0624 0.474777
8.9104 0.481447
9.212 0.460074
8.7672 0.484767
9.0584 0.473275
9.0592 0.468457
8.124 0.544843
8.096 0.544841
8.0472 0.556423
8.8704 0.482256
9.012 0.466847
8.7416 0.490084
8.9976 0.480844
9.4896 0.431733
8.2712 0.532722
8.5688 0.512804
8.676 0.505224
9.068 0.460521
6.3872 0.6791
8.416 0.527021
8.5984 0.509112
7.74 0.57536
8.7016 0.493598
9.068 0.459156
8.3496 0.519519
8.9096 0.489784
9.1448 0.474074
9.0232 0.475737
7.6096 0.585606
9.0136 0.460961
8.5656 0.509123
8.7912 0.495663
9.2192 0.453606
8.8976 0.479989
9.3968 0.438689
