2.8528 0.663839
2.7952 0.708955
3.0104 0.636951
2.636 0.726192
2.8544 0.711444
2.5944 0.734246
2.3752 0.719879
2.6416 0.708227
2.7256 0.725331
2.8608 0.681511
3.0808 0.675978
2.7784 0.672976
2.768 0.724017
2.7248 0.698317
2.7808 0.693204
2.612 0.720367
3.0432 0.644386
3.1784 0.610834
2.7752 0.703403
2.7152 0.710607
2.8808 0.684566
2.9192 0.685648
3.1536 0.642805
2.7992 0.648589
2.7128 0.709276
2.7024 0.724425
3.1328 0.663863
2.6256 0.709763
2.7424 0.699377
2.3352 0.762161
2.564 0.730355
2.7736 0.702403
2.8408 0.69041
2.8632 0.691412
2.9856 0.686808
3.016 0.645043
2.792 0.665677
2.6784 0.696492
2.74 0.702303
2.7008 0.70577
2.8688 0.683914
2.7968 0.693844
2.6448 0.730233
2.528 0.735963
2.7736 0.701866
2.832 0.681597
2.8496 0.668188
2.6072 0.700982
2.7576 0.694089
2.7248 0.694748
2.54 0.733842
2.74 0.686269
2.7512 0.692672
2.664 0.724475
2.8688 0.694653
2.8168 0.677594
2.6392 0.72261
2.776 0.710326
3.0896 0.655179
2.6296 0.73259
2.8936 0.659127
2.5152 0.730753
2.8848 0.688843
2.772 0.667147
2.9424 0.689463
2.98 0.660839
2.6304 0.711882
2.9856 0.686965
2.672 0.719139
2.9032 0.671881
2.9992 0.664669
2.8888 0.677819
2.692 0.719092
2.8272 0.684013
2.876 0.674248
2.664 0.703816
2.8464 0.726392
2.9672 0.678652
2.7888 0.678027
2.6456 0.721398
2.6296 0.708056
2.6528 0.730231
2.7992 0.685596
2.756 0.693041
2.9424 0.686632
2.9992 0.683549
2.4544 0.756198
2.3496 0.768576
2.5096 0.747728
2.528 0.755607
2.8168 0.690434
2.8264 0.692355
2.4496 0.744578
2.932 0.674916
2.972 0.644123
2.724 0.706415
3.1064 0.639595
2.9968 0.642284
2.6144 0.681295
2.888 0.666882
