11.5528 0.0423105
11.192 0.0506243
11.4944 0.0465193
11.096 0.0496745
11.164 0.0496459
11.5176 0.0438969
11.1776 0.051524
11.3984 0.0435658
11.324 0.0481474
11.5144 0.0446701
11.4312 0.0450444
11.4272 0.0431404
11.2832 0.0485699
11.3024 0.0453409
11.0976 0.0477106
11.44 0.0449476
11.3816 0.0449114
11.4208 0.0432277
11.4568 0.0431616
11.5488 0.0411159
11.5968 0.0437995
11.28 0.0503132
11.6024 0.0402991
11.3384 0.0478334
11.5456 0.044365
11.012 0.0534965
11.3624 0.0462665
11.304 0.0450122
11.4968 0.0411023
11.3952 0.0450523
11.408 0.0445561
11.5904 0.0386198
11.5064 0.0394684
11.384 0.0430397
11.5192 0.0469288
11.384 0.0469493
11.4848 0.0431885
11.536 0.0412234
11.4208 0.0454667
11.3352 0.0418583
11.4728 0.0397723
11.44 0.0505279
11.348 0.046707
11.2648 0.0473581
11.272 0.0469426
11.5128 0.0434696
11.3872 0.0452747
11.2912 0.0481521
11.3624 0.0471622
11.2032 0.0506406
11.336 0.0492485
11.3624 0.0472261
11.4304 0.0467676
11.416 0.0421533
11.3504 0.0443217
11.1752 0.0535267
11.6328 0.036254
11.4584 0.0422601
11.4736 0.0399625
11.2768 0.0462142
11.2344 0.0505071
11.432 0.0463161
11.4696 0.0434986
11.1656 0.0513831
11.4208 0.0455943
11.624 0.0392753
11.488 0.0438141
11.456 0.0422045
11.1552 0.0507828
11.3552 0.042886
11.5504 0.0404732
11.412 0.045947
11.4688 0.0417753
11.3712 0.0486581
11.4224 0.0421307
11.5096 0.0456385
11.364 0.0449136
11.5568 0.0385998
11.5104 0.0428419
11.5136 0.0414918
11.2952 0.0458846
11.5808 0.0407528
11.4072 0.047813
11.3328 0.0502816
11.4704 0.0481312
11.3864 0.0472589
11.344 0.0444744
11.3704 0.0438614
11.3504 0.0450293
11.3656 0.042784
11.6408 0.0413729
11.7552 0.0341156
11.364 0.0480499
11.404 0.0457223
11.2176 0.0465765
11.3272 0.0479424
11.5248 0.0423453
11.4312 0.0409423
11.4336 0.0455456
11.5824 0.0399841
