4.304 0.353443
3.1312 0.462953
3.496 0.417877
3.6696 0.516853
3.7128 0.423621
3.416 0.449955
2.8848 0.512043
3.396 0.447913
3.9776 0.354956
3.956 0.396951
3.44 0.451111
3.0616 0.504595
3.7928 0.416708
3.6912 0.388712
4.4704 0.334762
3.7696 0.402182
3.0224 0.473156
4.0336 0.343233
3.4528 0.43367
4.34 0.335253
3.0152 0.50434
3.2448 0.476037
4.028 0.356056
3.3496 0.453965
3.8656 0.382808
3.4432 0.437533
3.5328 0.414246
3.1672 0.470722
3.816 0.400678
3.1992 0.473331
3.2248 0.441999
3.3464 0.47191
3.5288 0.407203
3.3464 0.44662
3.5184 0.421772
3.7944 0.418536
3.2576 0.483642
3.5488 0.442924
4.0488 0.384905
3.4584 0.442984
3.9296 0.393281
3.3488 0.426025
3.5472 0.419785
3.0824 0.476921
3.66 0.345306
3.8776 0.376672
3.1336 0.486228
3.5056 0.420294
3.1304 0.506806
3.5608 0.427598
3.6472 0.430267
3.2808 0.486605
3.9584 0.405717
3.7752 0.42381
3.5056 0.420983
3.348 0.456917
3.5888 0.404803
3.4024 0.438844
3.32 0.488979
4.008 0.384748
3.2888 0.473151
2.924 0.495096
3.816 0.393978
3.9336 0.375064
3.4224 0.428457
3.9208 0.401806
3.7048 0.399896
3.1888 0.457761
3.0984 0.483049
3.4224 0.450129
3.6544 0.382369
3.6424 0.405846
3.7232 0.409316
3.6032 0.400745
3.6712 0.398479
3.2168 0.465577
3.7232 0.404935
3.916 0.358453
3.192 0.464717
4.3128 0.341597
4.0864 0.374786
3.8024 0.454493
3.3576 0.462956
3.6864 0.390799
4.3192 0.335916
3.3032 0.433452
3.5784 0.436437
3.7296 0.418921
3.6952 0.432346
3.6544 0.394726
3.008 0.504807
3.2936 0.455279
3.292 0.45148
3.9992 0.364884
3.296 0.419637
4.1208 0.353782
3.0376 0.46776
4.1056 0.354952
4.2744 0.322642
3.3888 0.466969
