6.8712 0.40577
6.6144 0.485373
6.6808 0.332614
7.8144 0.311094
6.0088 0.31873
7.0736 0.532441
6.564 0.394107
7.6064 0.385431
7.0376 0.350151
7.6184 0.252218
6.9432 0.496373
7.016 0.552231
7.3768 0.420136
7.7608 0.264574
7.3624 0.508754
7.9016 0.322519
8.2608 0.373726
8.2544 0.250145
7.8232 0.414641
7.2936 0.150405
6.0824 0.484542
7.864 0.350469
7.336 0.378979
6.2424 0.300806
7.08 0.496673
7.0632 0.498039
7.4952 0.479673
7.3576 0.406032
7.7784 0.332807
6.9784 0.375278
7.1296 0.205775
8.0056 0.268655
7.788 0.287909
8.0008 0.339737
7.7888 0.258153
5.7256 0.206629
8.2088 0.361402
6.9872 0.386269
7.3376 0.374736
6.1944 0.450188
6.856 0.226255
8.0376 0.414476
6.4152 0.590805
7.5808 0.339467
7.432 0.431804
7.6888 0.430527
7.4472 0.290473
6.0288 0.485457
5.988 0.469224
6.7312 0.453565
6.504 0.542925
7.4832 0.450863
7.6848 0.365522
7.1528 0.234765
7.1136 0.50674
6.5992 0.517687
7.348 0.445451
7.1024 0.464148
8.0848 0.387515
7.4064 0.395968
7.6448 0.32595
6.3392 0.458003
7.1776 0.435119
7.1848 0.315525
6.9496 0.508042
7.4368 0.265893
7.5104 0.451796
7.3416 0.396012
7.0808 0.486541
6.1688 0.488015
8.2184 0.392633
7.0112 0.422928
6.9824 0.459533
6.8272 0.543025
7.664 0.274242
7.2752 0.401671
7.0264 0.422399
8.5128 0.338699
7.2896 0.252257
7.2592 0.440567
7.0432 0.404572
8.0552 0.316011
7.7256 0.413768
7.8408 0.388546
7.3872 0.43999
7.5912 0.445347
7.2968 0.494793
7.8616 0.331678
6.588 0.369835
7.4976 0.445641
7.6744 0.401186
7.2104 0.403744
7.1808 0.401241
6.8568 0.46764
6.0616 0.549739
7.2184 0.548398
7.1488 0.408604
7.4272 0.410278
7.976 0.248341
7.0384 0.540694
