2.9632 0.511088
2.8392 0.494444
3.0776 0.526523
2.8096 0.500071
2.8376 0.494945
2.64 0.616324
2.7344 0.548779
2.8688 0.526601
2.876 0.525538
2.7704 0.621819
2.6176 0.660405
2.9496 0.530976
2.8112 0.567827
2.7704 0.507116
2.7592 0.508829
2.9504 0.474868
2.9432 0.476224
3.0008 0.505015
2.9176 0.481002
2.9752 0.509108
3.0144 0.41744
2.8728 0.48868
3.0192 0.462776
2.8608 0.490743
2.7528 0.635139
2.5312 0.606957
2.6896 0.653545
2.8512 0.492741
2.9296 0.478273
2.8992 0.626546
2.9 0.484206
2.9528 0.474441
2.924 0.517364
2.704 0.607205
2.9768 0.470094
2.8176 0.535295
2.7472 0.600605
2.932 0.574035
2.8224 0.497937
2.7872 0.503916
2.8592 0.447434
2.5168 0.673007
2.8104 0.638469
2.816 0.49879
2.824 0.533439
2.9832 0.469559
2.8784 0.487537
2.668 0.689276
2.7336 0.575686
2.7752 0.569122
2.7248 0.62776
2.9016 0.521378
2.8904 0.523414
2.7448 0.601325
2.8184 0.498505
2.6592 0.601008
3.0144 0.502311
2.908 0.482415
2.8304 0.549873
2.8208 0.566351
2.7864 0.571429
2.8904 0.52291
3.0248 0.564401
2.7936 0.460111
2.7368 0.626447
2.9784 0.470111
2.884 0.639211
2.74 0.60179
2.5336 0.688961
2.7328 0.575547
2.9712 0.426055
2.8736 0.4881
2.9104 0.48184
2.9032 0.48371
2.9232 0.435065
2.8384 0.5592
2.7896 0.461134
2.7808 0.595955
2.9344 0.478162
2.8808 0.524369
2.7336 0.513386
2.9376 0.477518
2.8992 0.521205
2.9344 0.515712
2.9376 0.577007
2.9432 0.476075
2.8208 0.497578
2.6336 0.640297
2.6576 0.556475
2.7736 0.525459
2.8376 0.559215
2.9928 0.614568
2.9096 0.519868
2.8664 0.522075
2.7696 0.542427
2.7784 0.642254
2.792 0.566513
2.9768 0.469943
2.8376 0.451608
2.7704 0.621654
