27.2008 0.000352806
26.552 0.0006925
27.0144 0.000562346
26.9688 0.000237255
26.5368 0.000451998
26.7608 0.000776653
26.2432 9.14439e-05
26.8352 0.000387401
27.3104 0.000117158
27.1472 0.000353503
26.796 0.000238785
26.4232 0.000242153
26.812 0.000387736
26.788 2.98632e-05
27.5544 8.70928e-05
26.9312 0.000326652
26.6832 0.000449519
27.58 8.7012e-05
27.0432 0.000177462
27.368 0.000292227
25.856 0.00114349
25.8048 0.00148588
27.2472 0.000410883
26.4344 6.05235e-05
26.6752 0.000479616
26.5464 0.00027115
26.7952 0.000537121
26.7096 0.000508921
27.1936 0.000323501
26.568 3.01105e-05
27.6192 8.68885e-05
26.9592 0.000178015
27.472 0.000611158
26.868 0.000446429
26.4232 0.000907468
27.484 2.9107e-05
27.0736 0.000295404
27.1784 2.94343e-05
27.4904 0.000407249
27.0016 0.000740149
27.6032 0
26.7008 0.000598874
26.9544 0.000474651
26.4488 0.000393058
27.2696 0.000557087
27.2224 0.00046998
26.7328 0.00035898
26.6896 0.000479358
26.4856 0.00030196
27.0768 0.000324896
26.504 0.000693753
26.3688 0.00060641
26.9304 0.000890393
27.2448 0.000557594
27.1184 0.000442308
26.2664 0.000730438
27.1336 0.000235814
26.9224 0.000682979
25.9504 0.00104706
26.9248 0.000386112
26.5032 3.01841e-05
26.3432 0.000849592
27.0784 0.000561018
27.128 0.000235863
27.5816 5.80063e-05
27.1008 0.000531067
26.6976 0.000179759
26.3936 0.000545289
26.7904 0.000298525
26.5192 0.000994515
27.0128 0.000503212
27.184 0.000382432
26.6384 0.000690255
27.1168 0.000884278
27.1464 0.000471295
26.0696 0.00119537
27.1704 0.000235495
27.5056 0.000319833
26.3552 0.000212437
27.6456 0.000173596
27.2712 0.000351896
27.2552 0.000293436
26.2832 0.000942679
27.0656 0.000295491
27.2328 0.000381747
26.8816 0.000921714
26.7376 5.98372e-05
27.212 0.000146972
27.22 0.000205689
27.1568 2.94577e-05
26.9344 0.00029693
26.5136 0.000964611
26.8752 0.000208327
27.04 0.000532261
27.1352 0.000147388
27.3912 0
26.8768 8.92884e-05
27.348 0.000438596
27.2896 0.000468823
27.2208 0.000117543
