1.1192 0.922373
2.6672 0.751805
2.8728 0.728674
2.8824 0.719611
2.9736 0.71613
2.268 0.80709
2.3616 0.796526
2.2192 0.812631
2.964 0.721408
2.3616 0.798361
2.6552 0.758776
2.1864 0.816626
2.4424 0.793939
0.7872 0.948398
2.7352 0.749817
2.8032 0.742201
2.6744 0.759063
2.8216 0.742592
2.7792 0.741499
2.1336 0.823564
3.1816 0.694289
2.18 0.820912
2.7968 0.73797
2.3432 0.801652
2.9736 0.710108
2.7848 0.73966
1.94 0.844442
2.4768 0.781495
2.7792 0.735314
2.9024 0.723602
2.7568 0.740258
2.5376 0.767891
2.7016 0.751837
2.716 0.742393
2.8808 0.733831
2.884 0.729192
2.5016 0.781817
3.0432 0.708394
2.9168 0.733382
2.3408 0.803307
2.0792 0.83166
2.6184 0.768103
2.8712 0.725696
2.8008 0.736231
2.6688 0.75186
1.5096 0.88961
2.2472 0.813504
2.6024 0.769585
2.6288 0.766337
2.1272 0.829365
2.7936 0.740565
2.6944 0.751035
2.0552 0.835899
2.3264 0.805264
1.612 0.877067
2.768 0.74256
2.416 0.791782
1.8784 0.852688
2.1024 0.823849
2.6344 0.768099
2.2008 0.815555
2.6632 0.759222
3.0432 0.702487
2.6448 0.755238
2.528 0.774608
2.3864 0.797433
2.2808 0.806568
1.1752 0.918002
1.548 0.885901
2.7856 0.730787
2.9832 0.709308
1.7976 0.861723
2.7 0.750757
2.6624 0.76073
2.5624 0.768853
2.7768 0.739551
2.9944 0.708603
2.584 0.766281
2.8792 0.731298
0.3512 0.978539
2.7976 0.741824
2.6896 0.754903
2.7544 0.749491
2.2224 0.817932
2.836 0.73826
2.9144 0.731342
2.7376 0.749836
2.2592 0.809716
1.884 0.851438
2.784 0.74359
2.9176 0.734918
2.268 0.812772
2.1128 0.827126
2.4056 0.788418
2.724 0.748857
1.44 0.895785
2.38 0.797081
1.8592 0.851701
2.6624 0.760988
2.8688 0.733423
