25.0912 0.10137
24.0336 0.129444
25.388 0.0909742
24.3944 0.12745
23.7288 0.147672
24.6088 0.120109
23.624 0.143611
24.3752 0.123648
25.4424 0.090121
25.0624 0.103095
24.3 0.123199
23.8576 0.139162
24.6112 0.117726
24.052 0.138193
26.2408 0.061058
24.8664 0.106682
24.7344 0.107087
26.4584 0.0539218
25.0176 0.103312
25.3992 0.0911199
22.4832 0.181334
22.4344 0.185057
25.3576 0.0925046
23.6344 0.142513
24.8984 0.102928
23.9664 0.138098
24.268 0.131499
23.8712 0.139839
25.2952 0.092347
23.968 0.136923
26.2672 0.0634644
24.5824 0.11597
26.4464 0.0552968
24.4168 0.124469
23.424 0.158911
25.8776 0.0774079
24.9856 0.103868
25.0312 0.102747
26.2168 0.0659275
25.12 0.101368
26.0352 0.071948
24.3464 0.126342
24.6136 0.117058
24.0896 0.125236
26.0296 0.0680816
25.484 0.0809555
24.2952 0.125468
24.4104 0.120764
23.8192 0.142454
24.9152 0.105931
23.8352 0.136781
23.1872 0.165424
24.7376 0.115503
25.852 0.0749964
24.9712 0.101807
23.5264 0.153824
25.424 0.0821661
25.388 0.0860788
22.7944 0.173037
25.0072 0.0996572
23.5232 0.155373
23.444 0.152545
25.1272 0.0936923
24.752 0.114735
26.1568 0.0663887
24.8224 0.111149
23.944 0.140585
23.7 0.150416
24.584 0.108267
23.5408 0.154036
24.6536 0.117522
25.1752 0.100449
24.2392 0.129164
25.1488 0.101931
25.156 0.0976268
22.8064 0.172938
25.5768 0.0807119
26.2224 0.0639671
23.6488 0.139042
26.256 0.0646375
25.5376 0.0865858
25.148 0.103164
23.8352 0.13387
24.74 0.114506
25.572 0.0849364
24.8136 0.112075
24.96 0.101977
25.3704 0.0879731
25.4712 0.0888043
25.4256 0.0857258
24.388 0.125
23.92 0.135788
24.772 0.101813
25.1368 0.101513
25.1792 0.0985794
25.6488 0.0847821
24.736 0.108831
25.9304 0.0734378
25.7632 0.0753417
25.9168 0.073447
