24.38 0.12335
23.6536 0.152249
24.0096 0.136743
24.0896 0.140688
23.924 0.142558
23.9024 0.136898
23.7544 0.145648
24.2864 0.130567
23.852 0.144525
24.3016 0.12835
24.4184 0.126342
24.14 0.13163
24.584 0.123027
24.1424 0.133588
24.804 0.104988
24.7856 0.114623
23.9688 0.136794
25.0424 0.106752
24.7912 0.11384
24.7152 0.11321
24.0208 0.122765
23.944 0.143977
24.9504 0.104076
23.732 0.139222
24.1024 0.132383
22.9976 0.174269
23.8888 0.13724
23.9864 0.138989
24.6224 0.110077
23.8296 0.144445
24.8424 0.106388
24.9864 0.104276
24.5944 0.118682
24.4496 0.123167
24.5888 0.117669
24.1928 0.133173
24.5152 0.116353
24.4872 0.122499
24.6528 0.116868
24.312 0.125216
25.0896 0.1032
24.4512 0.126144
23.84 0.144195
24.7448 0.112097
24.2696 0.126037
24.224 0.128909
24.1376 0.131816
24.1152 0.13052
24.0232 0.141342
23.9296 0.141299
23.7048 0.149463
24.2832 0.12946
24.1744 0.134799
24.3208 0.129759
24.2944 0.124488
23.1936 0.166513
25.3064 0.0951659
24.3888 0.122402
24.4872 0.122197
24.0928 0.130851
24.0768 0.14063
23.9736 0.13972
24.2912 0.127095
23.888 0.143701
24.5008 0.121961
24.6352 0.119618
24.3064 0.12675
24.8432 0.107208
24.5488 0.12155
24.0024 0.141545
24.6632 0.118567
24.5936 0.119821
24.3856 0.125262
24.1952 0.131069
24.6328 0.114005
24.1048 0.127826
24.3008 0.129852
25.0456 0.106586
24.1712 0.13412
24.476 0.121893
24.3824 0.129648
24.5968 0.11804
23.8576 0.138715
24.1216 0.132841
23.8112 0.144442
23.9376 0.142243
23.9936 0.131221
23.904 0.136216
23.6712 0.147537
24.5072 0.12037
24.4992 0.116394
24.9016 0.106265
23.6984 0.151033
24.1712 0.132754
24.6288 0.11565
24.6096 0.118769
24.5768 0.118808
24.4624 0.122179
24.5256 0.122808
24.7536 0.108736
