4.0912 0.521967
2.9008 0.654008
3.304 0.572464
3.5304 0.585205
3.4416 0.583785
3.3144 0.599013
2.4264 0.710895
3.4104 0.540328
3.4872 0.606801
4.0072 0.520394
3.7712 0.506646
3.2792 0.546069
3.8432 0.537499
2.9728 0.679379
4.4392 0.479798
3.7512 0.547612
2.8592 0.6426
3.7008 0.559554
3.2336 0.61738
3.9408 0.555976
2.8024 0.652101
3.0048 0.670179
4.0744 0.495942
3.3368 0.591639
3.9112 0.530626
3.3304 0.581818
3.344 0.557344
3.0728 0.581864
3.544 0.597894
2.9184 0.587424
3.2688 0.564346
3.5136 0.522401
3.3832 0.549963
3.208 0.57785
3.348 0.591508
3.8336 0.554605
3.1808 0.625153
3.6304 0.550114
3.5384 0.612799
3.0392 0.610599
3.9992 0.475831
3.2752 0.579671
3.3904 0.599924
2.664 0.692436
3.7232 0.475606
3.7208 0.567067
3.1744 0.597974
3.572 0.520871
2.888 0.662396
3.2712 0.607695
3.8384 0.526357
3.3088 0.608778
3.8368 0.54136
3.8064 0.541839
3.2952 0.596414
3.1392 0.611985
3.4256 0.538428
3.284 0.612772
3.2536 0.605184
4.2344 0.450763
3.3664 0.525913
2.5936 0.684967
3.9264 0.514444
3.8384 0.566576
3.2184 0.591325
3.6336 0.54936
3.6936 0.565827
3.0088 0.626032
3.3336 0.522899
3.34 0.599405
3.428 0.56874
3.4256 0.587913
3.516 0.573632
3.7712 0.49669
3.5384 0.576219
3.1576 0.622224
3.5128 0.584579
3.7976 0.532959
2.7112 0.696761
4.252 0.500141
3.688 0.591457
3.5416 0.592957
2.9832 0.640613
3.5584 0.525901
4.2992 0.491002
3.2728 0.587268
3.4312 0.579716
3.6688 0.538307
3.2472 0.611876
3.7024 0.551377
2.9032 0.6127
3.1112 0.610008
3.0848 0.588606
3.4416 0.559447
3.088 0.588968
4.056 0.534948
2.956 0.616542
4.0256 0.502521
3.9968 0.523009
3.2336 0.57671
