7.5568 0.520848
7.2544 0.560638
7.5976 0.521706
7.1896 0.576883
7.0016 0.571233
7.5552 0.525045
7.5616 0.485353
7.472 0.521296
6.3872 0.633341
7.5352 0.524653
7.6448 0.542491
7.372 0.535277
6.8648 0.594394
8.0296 0.482949
7.4944 0.530497
7.9288 0.485891
7.3696 0.544592
8.2 0.482245
8.0536 0.490743
8.0416 0.477628
7.3952 0.555641
7.7024 0.498646
7.9584 0.503147
7.6528 0.471141
7.4264 0.531635
6.9328 0.564282
7.5456 0.517495
7.3096 0.531676
8.2216 0.45882
7.8248 0.467179
7.2912 0.534287
7.0176 0.579462
7.5728 0.525847
7.8712 0.504881
7.976 0.494678
7.2976 0.547318
7.0936 0.562102
7.168 0.556414
7.3576 0.534824
7.7176 0.503679
7.8184 0.522896
7.0688 0.571005
7.2688 0.551884
7.444 0.536765
8.0936 0.481631
6.832 0.589107
7.3016 0.537803
7.1744 0.539465
7.172 0.550356
7.2432 0.544613
6.9712 0.570866
7.924 0.494823
7.6624 0.521052
7.4096 0.542662
7.2688 0.554411
6.9704 0.572704
7.7448 0.507002
7.1688 0.556781
7.528 0.547705
7.3784 0.551061
7.7432 0.498757
6.8968 0.583023
7.6232 0.519708
7.8392 0.48559
7.0032 0.588956
7.2112 0.561405
7.3456 0.520046
8.1848 0.485492
7.384 0.553178
7.5872 0.52561
7.8784 0.502702
7.3256 0.552313
7.236 0.559747
7.1528 0.570701
7.596 0.504126
7.4424 0.528914
7.2176 0.563754
7.5136 0.545995
7.6416 0.500601
7.2688 0.550443
7.2448 0.551528
7.1592 0.576058
7.092 0.561312
6.8248 0.571113
7.28 0.566357
7.4912 0.550478
7.1792 0.564051
7.2072 0.556054
5.5064 0.693558
7.4528 0.546623
7.6064 0.516083
7.332 0.548455
7.4736 0.504718
7.696 0.507046
7.0992 0.571325
7.0096 0.587748
7.5424 0.534489
8.0656 0.477995
7.252 0.537948
7.8624 0.504961
