4.9472 0.415832
3.212 0.617947
4.0768 0.431377
4.6216 0.447706
4.2568 0.460564
3.7936 0.567178
2.8912 0.646241
3.9048 0.506571
4.408 0.46065
4.6128 0.485041
4.1648 0.500911
3.9192 0.431407
4.4208 0.48331
4.1864 0.477745
5.42 0.362533
4.4848 0.405073
3.3328 0.582188
4.3504 0.465763
3.7056 0.521636
4.7576 0.470106
3.4864 0.560464
3.7352 0.54431
4.6496 0.463144
3.8328 0.496215
4.4568 0.456276
4.0504 0.510111
4.128 0.441075
3.6888 0.530926
4.228 0.5252
3.596 0.509868
3.6488 0.496523
3.2992 0.638055
3.3048 0.595674
3.9056 0.461326
4.0008 0.473246
4.6448 0.456825
3.6416 0.581156
3.7224 0.61004
4.6152 0.445555
3.972 0.457258
4.756 0.403891
3.8464 0.470076
4.2904 0.431404
3.5576 0.512176
4.1752 0.448658
4.5768 0.436355
3.6096 0.529461
3.9744 0.485501
3.7456 0.519351
4.1616 0.446655
4.4056 0.443231
4.104 0.461982
4.6776 0.428446
4.3648 0.505931
4.0184 0.486768
3.4728 0.61891
4.0216 0.442002
3.9968 0.446917
3.7184 0.542024
4.7944 0.367226
3.5992 0.522348
3.5696 0.471577
4.74 0.370752
4.7224 0.420365
3.8032 0.477468
4.3752 0.453592
4.5176 0.43917
3.6504 0.49802
3.5648 0.528565
3.748 0.515412
4.0208 0.49457
3.8512 0.528778
4.08 0.516358
4.324 0.4582
4.06 0.472014
3.4464 0.562773
4.4968 0.409435
4.4656 0.477194
3.8008 0.440927
5.1144 0.393856
4.6616 0.473717
4.2704 0.470594
3.5008 0.607674
4.2856 0.40872
4.792 0.419517
3.9984 0.462002
4.2336 0.46421
4.5344 0.42181
3.8632 0.59862
4.3856 0.420569
3.5416 0.518752
3.9048 0.43961
3.6736 0.517089
4.4432 0.427895
3.6896 0.506421
4.9608 0.360128
3.6008 0.537077
4.588 0.463367
4.7952 0.420478
4.0488 0.444883
