24.3992 0.0971285
23.356 0.137544
23.752 0.120114
24.0064 0.121211
23.8472 0.121145
23.576 0.120351
23.4352 0.12761
24.0224 0.114323
23.6536 0.127843
23.9848 0.116309
24.36 0.112504
23.9744 0.110267
24.2688 0.114096
23.9536 0.120284
24.6816 0.0850805
24.5632 0.10335
23.828 0.119803
24.7592 0.0976968
24.4848 0.0975941
24.4272 0.098228
23.7032 0.106538
23.7808 0.131758
24.4856 0.0971386
23.7216 0.113728
23.8944 0.115573
23.0336 0.146524
23.7008 0.11201
23.6008 0.120843
24.4584 0.0847229
23.6112 0.123459
24.5936 0.090285
24.7712 0.0970489
24.3264 0.104884
24.2472 0.105929
24.1336 0.108224
23.9416 0.120699
24.1496 0.0974676
23.992 0.10829
24.3584 0.102491
24.1136 0.11012
24.8208 0.0860728
24.316 0.112036
23.492 0.132855
24.5288 0.0981794
24.1528 0.108911
23.8752 0.109188
23.8704 0.117323
23.796 0.111002
23.9568 0.11682
23.7136 0.125373
23.6264 0.128846
24.2 0.110425
23.9552 0.120562
24.1688 0.115215
24.0376 0.102834
22.9384 0.149472
25.1328 0.084882
24.1016 0.100767
24.3968 0.105715
23.54 0.116526
24.024 0.126095
24.08 0.108703
23.8952 0.10884
23.6592 0.130637
24.4544 0.0998822
24.364 0.108982
24.1024 0.103493
24.6856 0.0960569
24.348 0.113922
23.8304 0.126989
24.3464 0.110042
24.4392 0.107798
24.0864 0.109994
24.136 0.107528
24.1584 0.101544
23.9192 0.111418
24.0768 0.11524
24.7992 0.098106
23.8176 0.124842
24.2776 0.106074
24.2008 0.119356
24.408 0.10407
23.536 0.115268
24.0136 0.113994
23.7064 0.122479
23.6072 0.12084
23.684 0.118558
23.62 0.121515
23.8824 0.11239
24.1264 0.109779
24.1928 0.0979298
24.8024 0.0895663
23.5616 0.128304
23.8688 0.121256
24.2576 0.102528
24.508 0.0958059
24.348 0.106509
24.336 0.106529
24.54 0.103201
24.4008 0.0953822
