2.872 0.544127
2.7552 0.553307
3.116 0.498648
2.7944 0.530258
2.7872 0.518319
2.8952 0.549708
2.796 0.557987
2.864 0.558787
2.8792 0.55927
2.968 0.533744
2.8896 0.541683
3.0736 0.501945
2.8432 0.533351
2.856 0.509413
2.6352 0.601885
2.9984 0.523882
3.0104 0.491211
3.0248 0.506976
2.8336 0.562176
2.908 0.506918
3.1288 0.519887
2.8792 0.531258
3.024 0.519939
2.9712 0.494212
3.0952 0.518841
2.7112 0.548735
2.8848 0.551102
2.9128 0.545273
2.8936 0.506683
2.9392 0.560421
2.9088 0.533308
2.868 0.560123
2.9728 0.517026
2.8448 0.579271
2.9976 0.473884
2.9648 0.545833
2.9144 0.557459
2.9624 0.550661
2.8144 0.558982
2.8264 0.521857
2.8888 0.54755
2.9336 0.533935
2.7256 0.54916
2.8552 0.564225
2.8328 0.537728
3.0344 0.491419
2.8032 0.529349
2.9056 0.520908
2.956 0.533754
2.8384 0.539041
2.912 0.554031
2.9336 0.530053
2.924 0.524089
2.8576 0.559665
2.8424 0.551955
2.9144 0.549468
3.0016 0.52301
2.8528 0.541055
2.9112 0.517182
2.844 0.57117
2.9296 0.517714
2.908 0.529084
2.92 0.528606
2.8408 0.563491
2.9064 0.56569
3.0984 0.502505
3.0296 0.488382
2.9136 0.53445
2.8096 0.536431
2.8392 0.549104
2.976 0.520495
2.9416 0.526282
2.8912 0.519543
2.9352 0.531836
2.852 0.548219
3.0152 0.511851
2.9056 0.522733
2.924 0.530206
3.0072 0.506758
2.948 0.54121
2.748 0.575507
2.9288 0.531602
2.9216 0.516803
2.8664 0.533342
3.0344 0.537608
3.0216 0.517748
2.884 0.542571
2.7328 0.589965
2.9056 0.575056
2.8656 0.547613
3.0664 0.506502
3.0752 0.508628
2.864 0.532026
3.0032 0.519334
2.8296 0.539873
2.8608 0.535946
2.9768 0.53667
2.9456 0.508805
2.8424 0.512486
2.9216 0.559894
