24.5128 0.121883
23.8088 0.147811
24.1928 0.130356
23.8872 0.141119
23.8944 0.145725
24.5064 0.117967
23.912 0.140697
24.4104 0.128549
23.972 0.142141
24.5344 0.124347
24.2672 0.128108
24.1768 0.124054
24.3192 0.128169
24.088 0.135739
23.8496 0.140766
24.6608 0.117265
24.1992 0.132347
24.3504 0.127101
24.3704 0.125355
24.64 0.119723
24.3368 0.121973
23.9224 0.142394
24.6232 0.119644
23.9344 0.139842
24.4584 0.123807
23.6752 0.147982
24.1776 0.130227
24.3016 0.132953
24.5576 0.121939
24.1984 0.134882
24.5408 0.120099
24.7288 0.115692
24.64 0.118842
24.2568 0.13319
24.204 0.129728
24.2768 0.131507
24.3856 0.127815
24.576 0.123438
24.2568 0.133438
24.3432 0.125453
24.5232 0.123796
24.2544 0.132011
24.2056 0.130096
24.2248 0.133467
24.1112 0.136121
24.1456 0.131028
24.2984 0.12442
24.0848 0.131741
24.3104 0.129533
23.696 0.14445
23.9712 0.143886
24.1424 0.135053
24.2136 0.127375
24.1904 0.13544
24.304 0.128264
23.6928 0.152763
25.0144 0.105837
24.4416 0.124158
24.472 0.122943
23.948 0.139947
24.02 0.142486
24.3072 0.129797
24.2952 0.125946
23.7464 0.150725
24.1672 0.131051
24.6232 0.121228
24.3648 0.12958
24.44 0.12326
23.824 0.146313
24.3048 0.131947
24.4616 0.127468
24.2088 0.13498
24.4664 0.121355
23.9456 0.141759
24.3736 0.122696
24.276 0.130042
24.3304 0.130535
24.6816 0.11383
24.4256 0.123399
24.3992 0.122053
24.3408 0.128669
24.4144 0.124405
24.0864 0.131784
24.0688 0.137171
24.1288 0.139216
24.084 0.135436
24.3264 0.128561
24.3152 0.128462
23.9096 0.138778
24.44 0.12419
24.4464 0.124111
25.0272 0.106325
23.8904 0.136483
24.1384 0.137125
23.98 0.132894
24.0656 0.134132
24.5184 0.120927
24.5688 0.121489
24.4488 0.124302
24.5352 0.113536
