10.1648 0.359706
9.06 0.358648
9.2392 0.373257
8.8304 0.465006
9.0784 0.396704
9.86 0.333784
8.0944 0.420272
8.9136 0.402894
10.288 0.339191
9.5576 0.410112
9.3368 0.402345
8.5384 0.399482
8.7624 0.4571
9.3344 0.380745
10.6952 0.358616
9.504 0.402114
8.4328 0.412888
10.7032 0.310752
9.7248 0.333699
10.7176 0.334773
8.2376 0.407946
8.6832 0.3841
9.8792 0.390082
8.4576 0.425372
9.7848 0.353028
8.3872 0.460089
9.7264 0.341708
8.5272 0.430335
8.6232 0.478772
8.3216 0.419402
9.416 0.350692
9.0464 0.391126
10.42 0.289067
9.4312 0.365671
9.0496 0.408585
9.5992 0.414711
9.0696 0.405132
10.2608 0.304635
10.4152 0.339539
9.7552 0.3409
10.6496 0.324367
9.4752 0.345455
9.3952 0.383193
8.8808 0.380213
10.4728 0.290191
9.4416 0.404811
8.7928 0.390134
9.2144 0.390421
7.9064 0.499671
9.7736 0.336754
8.7912 0.458483
8.752 0.388554
10.0288 0.36236
9.8352 0.378086
8.6688 0.455942
8.4008 0.444773
9.8008 0.339462
9.5144 0.361244
7.9496 0.4927
10.2728 0.320834
9.3584 0.370737
8.2208 0.442824
9.8088 0.368738
10.4808 0.313257
8.8088 0.426749
10.0464 0.35358
9.1904 0.395623
8.8736 0.390214
9.0688 0.370607
9.0824 0.378293
9.7328 0.370388
9.624 0.369563
9.5232 0.380548
10.9928 0.272501
10.0992 0.325677
9.0312 0.375954
9.6728 0.370818
9.2928 0.435294
7.9456 0.445914
10.6456 0.338026
9.4232 0.422768
9.4584 0.407695
7.8296 0.510528
10.1552 0.314394
10.0888 0.384529
9.5696 0.344871
8.288 0.488698
9.9992 0.344916
9.1208 0.425295
9.8456 0.357169
8.8032 0.390056
9.6168 0.316795
9.0512 0.37777
9.6032 0.357043
9.548 0.327568
10.0272 0.366682
9.0328 0.362487
10.016 0.374375
10.2608 0.366961
9.652 0.343544
