12.536 0.034385
10.8416 0.0489157
11.2888 0.034353
11.892 0.0417714
11.48 0.0482823
11.4472 0.0460031
10.0952 0.0624814
11.3616 0.0393669
12.3512 0.026422
12.356 0.034265
11.348 0.0460659
10.7432 0.0537627
11.8528 0.0386712
11.584 0.0497441
13.224 0.017942
11.772 0.0393027
10.7416 0.0429111
12.3112 0.0198713
11.3984 0.0344267
12.7248 0.027275
10.2992 0.0779258
10.516 0.0791594
12.4656 0.0325345
10.8864 0.0562452
11.9392 0.0444359
11.2544 0.0518938
11.328 0.0440829
10.8872 0.0493853
12.144 0.0284178
10.7016 0.058223
11.556 0.0185487
11.348 0.0398673
11.8648 0.0223467
11.2688 0.0485004
11.1024 0.0572651
12.5816 0.0211614
11.6048 0.0349278
11.672 0.0306936
12.7376 0.019883
11.5696 0.0303071
12.664 0.0173195
11.2144 0.0475608
11.7264 0.0394495
10.5336 0.0536189
11.88 0.0280141
12.0704 0.0288988
10.8872 0.0431022
11.2912 0.0491141
10.8384 0.0514598
11.6752 0.0362544
11.4112 0.0501432
10.9224 0.0566572
12.108 0.0372137
12.308 0.0244134
11.5016 0.0405739
11.0552 0.0534932
11.4896 0.0335778
11.4328 0.0393251
10.4928 0.0766631
11.884 0.0342608
11.0264 0.0608476
10.4752 0.0590687
12.2136 0.0362959
12.268 0.0375926
11.94 0.0213115
11.9 0.0370922
11.8336 0.0468458
10.8304 0.0543448
11.024 0.041658
10.8288 0.0537574
11.5752 0.0409624
11.672 0.0321083
11.5568 0.0505422
12.1264 0.0361185
11.7464 0.0314644
10.664 0.069459
11.9928 0.0319018
12.2736 0.0183005
10.6904 0.0644777
12.9608 0.0183592
12.5928 0.0237534
12.1008 0.0298871
10.8888 0.0597541
11.6576 0.0361159
12.6392 0.0281127
11.3832 0.0398785
11.6672 0.0386289
12.1504 0.0234053
11.9288 0.0282195
11.9016 0.0330192
10.9 0.0424485
10.82 0.0559782
11.056 0.0380734
11.912 0.0300938
11.2648 0.0305012
12.648 0.0237125
10.8048 0.0432812
12.544 0.024633
12.5536 0.0282388
11.3264 0.0302075
