1.292 0.902252
2.6904 0.702363
2.6728 0.732998
2.6856 0.697186
2.72 0.708779
2.572 0.730104
2.7088 0.720373
2.0528 0.820522
2.5648 0.758748
2.6256 0.72264
2.5664 0.74582
2.8176 0.685142
2.6 0.737776
2.8408 0.683709
2.4208 0.742271
2.7768 0.717368
2.8072 0.689634
2.9984 0.670012
2.4848 0.750742
2.6624 0.724822
2.8344 0.701114
2.7704 0.722494
2.8248 0.679175
2.8944 0.657289
2.6328 0.728488
2.6856 0.714346
2.6632 0.734994
2.664 0.728141
2.6976 0.696544
2.468 0.767047
2.6816 0.705526
2.7176 0.70632
2.7608 0.678318
2.5056 0.743741
2.9936 0.668056
2.688 0.724613
2.7096 0.714851
2.8272 0.696235
2.748 0.682003
2.4512 0.743147
2.3096 0.786748
2.612 0.723141
2.5824 0.726695
2.0896 0.80919
2.7072 0.727646
2.9032 0.685392
2.7544 0.715219
2.8128 0.689701
2.6952 0.70048
2.6568 0.709423
2.548 0.755995
2.7008 0.72312
2.6152 0.732641
2.5808 0.738064
2.76 0.698295
2.6816 0.713087
2.7112 0.719291
2.8288 0.705186
2.8184 0.693305
2.704 0.72165
2.704 0.718122
2.8312 0.694598
2.9624 0.675318
2.4912 0.742155
2.4656 0.757017
2.8728 0.68364
2.8016 0.70076
2.832 0.693347
2.692 0.70134
2.4248 0.740408
2.7464 0.719984
2.6272 0.706681
2.7656 0.704782
2.6888 0.712661
2.468 0.750081
2.5784 0.723466
2.7104 0.694747
1.7464 0.856107
2.9208 0.660845
1.476 0.886195
2.5368 0.7423
2.8296 0.708241
2.6952 0.712051
2.668 0.706762
2.74 0.7235
2.7816 0.716811
2.5992 0.717576
2.4928 0.739835
2.6736 0.725908
2.46 0.749511
2.8736 0.673247
2.7912 0.688593
2.7544 0.715313
2.6008 0.729061
2.4624 0.739263
2.6296 0.736914
2.7048 0.703187
2.6848 0.692477
2.452 0.754525
2.7032 0.716907
