3.8192 0.369103
3.808 0.387151
3.872 0.361646
3.8664 0.380226
3.7064 0.397373
3.7952 0.377754
3.416 0.433912
3.6936 0.394492
3.9368 0.36495
3.7824 0.375264
4.0232 0.355256
3.7792 0.377684
3.888 0.369404
3.7088 0.392717
3.9144 0.369702
3.84 0.370079
3.8464 0.374935
3.9856 0.340482
3.9432 0.356359
3.9016 0.358458
3.8544 0.367468
3.8224 0.375425
3.9176 0.354979
3.696 0.401709
3.8336 0.372446
3.6376 0.414499
3.9288 0.364765
3.6792 0.395981
3.9184 0.361575
3.6 0.40048
3.688 0.389485
3.9408 0.356835
3.772 0.381071
3.9096 0.362427
4.0464 0.342177
3.74 0.388969
3.6184 0.397094
3.716 0.383952
3.7784 0.386783
3.5672 0.408621
3.8 0.374012
3.8072 0.368414
3.7064 0.394221
3.792 0.375165
4.0352 0.342716
3.9176 0.359702
3.7232 0.390519
3.6616 0.395137
3.74 0.392463
3.7088 0.393273
3.7744 0.385997
4.0344 0.347522
3.7216 0.385225
3.8336 0.377662
3.7608 0.37875
3.6776 0.398613
3.7512 0.379434
3.7712 0.382823
3.9792 0.363695
3.7136 0.393361
3.796 0.379576
3.536 0.40703
3.8784 0.371125
3.7944 0.378701
3.9864 0.36099
3.8736 0.360201
3.6816 0.387625
4.0192 0.347871
3.7744 0.385837
3.848 0.380873
3.94 0.358557
3.7856 0.377286
3.8808 0.3628
3.7768 0.376189
3.9232 0.349171
3.692 0.38524
3.784 0.389599
3.9296 0.35732
3.74 0.386563
3.6808 0.388571
3.7488 0.390082
3.9016 0.35989
3.7432 0.389244
3.6432 0.393124
3.8312 0.383655
3.908 0.364181
3.7152 0.395785
3.7 0.397316
3.5296 0.421832
3.8056 0.384446
3.8248 0.375278
3.7944 0.377967
3.736 0.389063
3.96 0.35756
3.8176 0.372848
4.1064 0.339127
3.9376 0.359198
3.9064 0.361866
3.7 0.390565
3.8832 0.362741
