7.6032 0.564596
7.2256 0.588651
7.9672 0.536143
7.2312 0.591513
6.6064 0.638093
7.0176 0.609073
7.372 0.574247
7.5608 0.566865
7.692 0.561259
8.0264 0.53454
7.2376 0.59017
7.928 0.537024
7.432 0.567967
7.2112 0.58889
6.8264 0.620131
7.5032 0.575764
7.5024 0.571624
7.9104 0.53762
7.8288 0.538592
7.8208 0.550735
7.64 0.562288
7.6192 0.561409
7.9992 0.535254
6.9504 0.620247
8.0712 0.526694
7.308 0.573808
7.4536 0.577192
7.024 0.607703
7.472 0.568112
8.1224 0.514141
7.9376 0.526645
8.2312 0.509019
7.6128 0.567415
7.8896 0.538036
7.8552 0.548635
6.74 0.63216
7.848 0.538895
7.6224 0.571891
7.2088 0.594866
7.8808 0.530748
7.8112 0.545141
6.8328 0.630292
7.3576 0.583526
7.14 0.59712
6.9288 0.618206
7.7848 0.554768
7.1496 0.594179
7.42 0.572856
5.9688 0.691452
4.808 0.772796
7.44 0.580003
7.7192 0.551188
6.9168 0.629737
7.456 0.565785
7.6208 0.560244
7.2624 0.584226
7.6744 0.562782
7.532 0.572065
7.9088 0.535432
7.1672 0.595311
7.4704 0.571573
7.228 0.59386
8.056 0.525313
7.4048 0.56788
7.8664 0.541478
7.4616 0.577887
6.1608 0.676985
7.4864 0.57681
4.624 0.776523
6.932 0.617962
6.56 0.648672
7.6448 0.56032
7.5432 0.565664
4.8632 0.769464
7.2832 0.586182
7.2408 0.593889
7.7152 0.547379
6.4848 0.661714
7.5232 0.566116
7.3792 0.586479
7.7704 0.546545
7.456 0.580747
7.4384 0.57154
7.1264 0.598956
7.1592 0.604062
7.3624 0.586865
7.1032 0.601177
7.3992 0.57511
7.1744 0.588152
6.348 0.665034
7.5976 0.56765
7.6608 0.566383
7.328 0.583106
7.0864 0.606294
6.2048 0.671426
6.912 0.614337
7.5544 0.566497
7.5024 0.564159
7.1904 0.589439
3.976 0.819062
