2.9504 0.429896
2.6888 0.609004
3.0176 0.501915
2.956 0.474096
2.8496 0.529769
2.6984 0.620286
2.544 0.508501
2.7776 0.541711
2.9192 0.518411
2.9776 0.470027
3.1744 0.54291
2.8752 0.629866
2.9568 0.512272
2.784 0.462382
2.7056 0.580032
2.9304 0.433761
3.0048 0.503962
3.108 0.399722
2.888 0.551776
2.992 0.421858
2.7592 0.599093
2.8752 0.444427
3.0616 0.494985
2.7264 0.514737
2.9256 0.549741
2.708 0.553371
2.9392 0.514791
2.7816 0.557971
2.9736 0.509177
2.8904 0.555323
2.8288 0.453984
2.996 0.421175
2.8672 0.446144
3.0288 0.500594
3.0752 0.405781
2.832 0.496229
2.7592 0.508829
2.76 0.571482
2.7504 0.546438
2.6304 0.591451
2.9088 0.437848
2.8792 0.581268
2.6976 0.631838
2.7672 0.538492
3.004 0.503832
2.924 0.45924
2.816 0.455782
2.64 0.590062
2.72 0.516358
2.7368 0.575084
2.848 0.529847
2.9048 0.578134
2.8496 0.449969
2.8408 0.451159
2.8512 0.492597
2.5088 0.610386
2.7848 0.556843
2.8008 0.593144
2.9664 0.528304
2.788 0.503703
2.816 0.518204
2.7608 0.544182
2.8712 0.526205
2.8744 0.444496
2.788 0.657864
2.9936 0.467331
2.7744 0.569246
2.9208 0.546234
2.8976 0.579082
2.7944 0.594026
2.9784 0.508645
2.6376 0.590282
2.7848 0.595091
2.9208 0.551088
3.0648 0.407791
2.84 0.494374
2.8704 0.526462
2.9728 0.509633
2.8784 0.488121
2.8056 0.536785
2.7488 0.51075
2.9416 0.476807
2.7824 0.462193
2.856 0.49167
2.7528 0.576649
2.9824 0.592613
2.6976 0.607679
2.7456 0.469634
2.6032 0.570259
2.872 0.558317
2.8936 0.484758
2.8944 0.5794
2.9088 0.52019
2.78 0.568108
2.764 0.633577
3.0064 0.589469
2.8424 0.587053
2.944 0.475933
2.8208 0.454855
2.7088 0.630067
