26.9552 0.00484376
26.5544 0.00458826
26.7936 0.00475455
26.7088 0.00435405
26.6984 0.00385052
26.9232 0.00337598
26.6144 0.00487571
26.8616 0.00509645
26.64 0.0044843
26.86 0.00556823
26.7768 0.00389858
26.7744 0.00440267
26.7616 0.00570681
26.7168 0.00447147
26.672 0.00391384
26.9008 0.00420516
26.7744 0.0036617
26.8608 0.0048312
26.8648 0.00353116
26.9344 0.00378743
26.7888 0.00383757
26.6208 0.00540993
26.9984 0.00351374
26.7424 0.00325014
26.8104 0.00563748
26.5232 0.00447407
26.7112 0.00447241
26.7888 0.00469623
26.8288 0.00595785
26.8088 0.00436746
26.9496 0.00360851
27.008 0.00315942
26.8632 0.00412243
26.9072 0.00320076
26.7856 0.004963
26.8344 0.00409727
26.804 0.00581585
26.9 0.00414631
26.8288 0.00321008
26.7624 0.00567709
26.968 0.00354715
26.7664 0.00416691
26.8184 0.00575377
26.6888 0.00560374
26.6512 0.00507705
26.8664 0.00450571
26.7624 0.00384134
26.716 0.00453096
26.776 0.00487602
26.6256 0.00445694
26.672 0.00450867
26.7216 0.00420356
26.8624 0.00409301
26.7488 0.00567996
26.7904 0.00404473
26.4752 0.00463186
27.0704 0.00297593
26.8936 0.00520818
26.9792 0.00345734
26.708 0.00414628
26.6272 0.00439712
26.7776 0.00375022
26.7856 0.00463761
26.644 0.00451339
26.7488 0.00491057
27.0048 0.00271803
26.8792 0.00347016
26.8528 0.00409447
26.5416 0.00485917
26.8816 0.00376531
26.8952 0.00408804
26.8888 0.00361664
26.912 0.00384957
26.712 0.00417537
26.788 0.00472595
26.7272 0.00512194
26.8272 0.00395046
27.0168 0.00389346
26.8784 0.00471013
26.9256 0.00372969
26.8624 0.00483092
26.9616 0.00375418
26.6848 0.00486291
26.7192 0.00536049
26.6928 0.00530646
26.6912 0.00578104
26.8032 0.00436837
26.836 0.0033573
26.7328 0.00429082
26.8952 0.00258114
26.896 0.00340892
27.1 0.00402799
26.7296 0.00470658
26.7528 0.00422833
26.6832 0.00459592
26.764 0.00292075
26.9344 0.00369899
26.8448 0.00406613
26.868 0.0038263
26.948 0.00440385
