12.5264 0.0358968
10.8296 0.0495015
11.2768 0.0345205
11.8608 0.0429282
11.4496 0.0491629
11.4232 0.0462864
10.072 0.0631046
11.348 0.0399973
12.3224 0.0269126
12.3224 0.0361076
11.3144 0.0478018
10.7304 0.0540903
11.8544 0.0389779
11.5768 0.05021
13.192 0.0189779
11.7552 0.0406738
10.7208 0.0428541
12.3024 0.0205096
11.3872 0.0347867
12.7224 0.0277557
10.28 0.0777953
10.5048 0.0802045
12.4584 0.0329131
10.8712 0.0567125
11.9504 0.0447628
11.256 0.0524614
11.3064 0.044228
10.8888 0.0492456
12.124 0.0290858
10.6984 0.0586372
11.576 0.0187835
11.336 0.040493
11.836 0.0231744
11.2864 0.0479789
11.1088 0.057042
12.5608 0.0213787
11.604 0.0353152
11.6544 0.0307385
12.7256 0.020324
11.5576 0.030858
12.6528 0.0181276
11.1936 0.0475802
11.6904 0.0407641
10.5192 0.0539607
11.8728 0.027967
12.0592 0.0287371
10.8616 0.0446806
11.2856 0.0492013
10.8432 0.0517036
11.6736 0.0353672
11.384 0.0509537
10.9048 0.0572654
12.088 0.0389875
12.292 0.025249
11.4816 0.0412185
11.04 0.0536278
11.4816 0.0334052
11.4368 0.0396991
10.4632 0.0775145
11.8688 0.0349941
11.0032 0.0610963
10.4232 0.0599567
12.2208 0.0362753
12.232 0.0383043
11.9352 0.0202916
11.8816 0.0367728
11.8192 0.048067
10.8312 0.054407
11.0152 0.042423
10.8368 0.0539842
11.5464 0.0416971
11.6552 0.033309
11.5288 0.0521573
12.1208 0.0372371
11.72 0.031661
10.6392 0.0708447
11.9808 0.0331203
12.2488 0.0193429
10.6536 0.0650144
12.956 0.0191388
12.5704 0.0245825
12.1008 0.0303846
10.8792 0.0601935
11.6448 0.0369831
12.624 0.0291621
11.3896 0.0400512
11.6784 0.0387832
12.1296 0.0246381
11.908 0.028204
11.8792 0.0338972
10.8696 0.0437751
10.8224 0.0559006
11.0472 0.0387721
11.8776 0.030495
11.2608 0.0303114
12.6152 0.0238331
10.8024 0.0424083
12.52 0.0258326
12.5208 0.0286725
11.288 0.0301739
