2.7304 0.745716
2.772 0.742417
2.3312 0.796053
2.8056 0.73278
2.4728 0.785019
2.268 0.806814
2.4336 0.79577
2.2744 0.805766
2.78 0.749206
2.5064 0.776772
2.6888 0.759034
2.352 0.794362
2.3944 0.796588
2.8976 0.728465
2.4768 0.77741
2.9184 0.722205
2.7968 0.738949
2.7976 0.738659
2.5112 0.775127
2.7136 0.74095
3.032 0.714888
2.8504 0.733308
2.956 0.713876
2.5088 0.786812
2.6456 0.759701
2.4224 0.790406
2.7912 0.736878
2.9816 0.710412
2.5144 0.778099
2.7048 0.751817
2.76 0.735165
2.8736 0.726969
2.88 0.724539
2.5344 0.770767
3.0064 0.711766
2.7456 0.747981
2.9592 0.715286
2.8856 0.731042
2.8424 0.737999
2.316 0.807283
2.7408 0.740376
2.0536 0.836079
2.4008 0.787765
2.4568 0.789268
2.164 0.815459
2.7256 0.752308
2.7488 0.743084
2.6208 0.757621
2.3296 0.806691
1.9856 0.840948
2.9576 0.721234
2.9168 0.72456
2.772 0.749639
2.5456 0.773588
2.4456 0.784627
2.8488 0.729777
2.96 0.717816
2.8816 0.727018
2.3608 0.793116
1.8512 0.853051
2.3664 0.793349
1.9304 0.848734
2.884 0.729436
2.4184 0.783002
1.44 0.894428
2.0776 0.83045
2.6272 0.760344
2.7328 0.742674
2.492 0.786014
2.5752 0.766214
2.7296 0.745809
1.8456 0.855831
2.6208 0.759348
2.7096 0.756103
2.3592 0.796072
2.172 0.81877
2.5832 0.770733
2.4352 0.795361
2.6328 0.758707
2.1528 0.826533
2.8112 0.742866
2.8264 0.735415
1.7784 0.862515
2.1904 0.819334
2.7392 0.752386
2.8424 0.738596
2.8264 0.735593
2.6504 0.754156
1.6056 0.875904
2.4072 0.790693
2.796 0.744611
2.468 0.785764
2.868 0.726399
2.7072 0.750479
2.6808 0.753476
2.6856 0.752561
2.4576 0.787772
2.1808 0.811075
1.2664 0.909646
1.608 0.879533
