26.4728 0.0476588
25.8416 0.0639001
26.328 0.0463634
26.2088 0.0563956
26.3 0.0508705
26.0192 0.0578216
25.7424 0.0682496
26.42 0.0482983
25.9448 0.0628233
26.4 0.0481135
26.7024 0.0348716
26.3592 0.0477443
26.3416 0.053849
26.2696 0.0490023
26.6584 0.0418643
26.4784 0.0499455
26.1064 0.0546913
26.8488 0.037567
26.696 0.0386333
26.976 0.0286899
25.936 0.0653559
26.164 0.0525782
26.94 0.0332721
26.4544 0.0404504
26.0792 0.0591376
25.88 0.0531523
26.048 0.0549444
26.2608 0.0493759
26.3024 0.0541971
26.4832 0.0405194
26.6912 0.0424201
26.6728 0.0445884
26.5176 0.0458549
26.3672 0.0546138
26.684 0.0376515
26.3816 0.0499553
26.6904 0.0351938
26.4456 0.0493486
26.4768 0.0499483
26.3056 0.0499003
26.7408 0.0425093
26.6408 0.0358435
26.0488 0.0623722
26.6832 0.0390112
26.2736 0.0465933
26.264 0.0561753
26.2856 0.0506501
26.216 0.0552929
26.2208 0.0519496
26.4904 0.0424511
26.0848 0.0542406
26.224 0.0579918
26.324 0.051319
26.2584 0.0530825
26.58 0.0374587
25.9512 0.0516853
27.0712 0.0275311
26.4872 0.0426498
26.6792 0.0376858
26.2504 0.055034
26.34 0.0491524
26.0576 0.0597269
26.5696 0.0395327
26.2864 0.0497976
26.4424 0.0496276
26.5304 0.0480797
26.5728 0.0421869
26.4504 0.0514946
26.304 0.0517391
26.336 0.0508045
26.6512 0.0416271
26.744 0.0363495
26.5 0.043984
26.1744 0.0558938
26.496 0.0464125
26.2232 0.0494432
26.4264 0.0455373
26.8152 0.0403676
26.5168 0.0423553
26.7112 0.0372538
26.396 0.049245
26.7192 0.038158
25.9024 0.0621053
26.3176 0.0500159
26.3232 0.0408954
26.0976 0.0562948
26.1744 0.052284
26.3088 0.0457315
26.388 0.0423308
26.5728 0.0414959
26.5 0.0461862
26.7128 0.0428813
26.1736 0.0514062
26.4384 0.047855
26.416 0.0506311
26.5248 0.042094
26.408 0.0495796
26.2272 0.0545077
26.3096 0.0519473
26.6312 0.0444904
