25.5656 0.0672757
24.8168 0.0853579
25.2232 0.0759649
24.9504 0.0870291
25.072 0.0786689
25.3904 0.0709288
24.8152 0.0885343
25.228 0.0771954
24.9512 0.0846149
25.288 0.0775651
25.3088 0.0707866
25.2848 0.0729747
25.1696 0.0786576
25.0008 0.0826876
25.0208 0.0802259
25.5312 0.066378
25.22 0.0754319
25.48 0.0692577
25.3088 0.0756194
25.4208 0.0716915
25.1248 0.0804591
24.7848 0.0891156
25.5872 0.0667328
25.204 0.0719083
25.2432 0.0777999
24.856 0.0805516
25.1256 0.0806182
25.1672 0.0779084
25.316 0.0735699
25.1536 0.0782716
25.492 0.0686289
25.5576 0.0675948
25.4744 0.0659412
25.3512 0.0722003
25.268 0.074378
25.304 0.0722436
25.228 0.0755995
25.4216 0.0700322
25.2184 0.0764926
25.2264 0.0761726
25.4768 0.0707595
25.1632 0.0778657
25.1856 0.0808444
25.1056 0.0791396
25.2208 0.0720278
25.3504 0.0712506
25.288 0.072667
24.9848 0.0845644
25.156 0.0775346
25.0856 0.0743048
25.0408 0.0797072
25.1376 0.0758779
25.292 0.0766917
25.2856 0.0729182
25.2648 0.0728105
24.8072 0.0828182
25.6856 0.0655976
25.4824 0.0694964
25.5128 0.066614
25.0408 0.0807342
24.9632 0.0828018
25.1448 0.0769705
25.2744 0.0725672
24.84 0.0870869
25.2336 0.0729758
25.4304 0.0735333
25.3864 0.0705583
25.3176 0.0742972
24.8488 0.085419
25.2752 0.0741142
25.4872 0.0681233
25.2776 0.0731571
25.3696 0.0727485
25.0744 0.0781742
25.176 0.0777481
25.1744 0.0775905
25.4176 0.0684883
25.6592 0.0665852
25.4048 0.0713534
25.3032 0.0738214
25.3 0.0746701
25.34 0.0778211
25.2176 0.070997
25.08 0.0809955
25.1144 0.0759155
25.0352 0.081641
25.2272 0.0739729
25.236 0.0730238
25.2736 0.0697291
25.5112 0.0674095
25.2848 0.0778164
25.6632 0.0661135
25.1616 0.0772481
25.1336 0.0789775
24.9288 0.0872583
25.1992 0.0729044
25.3824 0.0717107
25.3672 0.0746491
25.3504 0.0727996
25.508 0.0677173
