3.7328 0.383212
3.6912 0.407854
3.7792 0.376617
3.7536 0.397457
3.6032 0.41438
3.7008 0.394344
3.3368 0.447842
3.5904 0.412412
3.8208 0.384377
3.7272 0.38495
3.9552 0.36834
3.7104 0.391578
3.7544 0.388773
3.6176 0.40858
3.8232 0.384308
3.764 0.383274
3.7704 0.388081
3.9288 0.352196
3.8552 0.370806
3.832 0.370151
3.7392 0.385647
3.732 0.387554
3.8296 0.372444
3.6304 0.411871
3.7704 0.385207
3.4896 0.437959
3.8472 0.379163
3.5912 0.409963
3.8304 0.377292
3.5104 0.415011
3.6288 0.399364
3.8672 0.369752
3.7008 0.394185
3.844 0.374267
3.9536 0.358182
3.6328 0.405939
3.5936 0.402818
3.6416 0.395806
3.66 0.406999
3.4704 0.426342
3.7424 0.384878
3.7336 0.378562
3.6128 0.409364
3.7368 0.384342
3.9464 0.357933
3.7952 0.379058
3.64 0.405928
3.5752 0.408236
3.6368 0.407764
3.6224 0.406942
3.6944 0.397443
3.9112 0.368917
3.5976 0.405001
3.6896 0.399714
3.6712 0.391863
3.584 0.411301
3.6896 0.388977
3.6768 0.397799
3.8568 0.383819
3.608 0.41092
3.6624 0.399449
3.4928 0.414981
3.8144 0.380055
3.7016 0.394689
3.8776 0.379782
3.8072 0.374803
3.6096 0.401671
3.92 0.362394
3.6616 0.402246
3.7472 0.399795
3.8712 0.37278
3.7064 0.392154
3.7896 0.376629
3.6648 0.396919
3.8384 0.361968
3.6208 0.398298
3.656 0.411462
3.8608 0.370795
3.6448 0.401235
3.596 0.40234
3.6544 0.403422
3.8048 0.374375
3.6456 0.405402
3.5792 0.404023
3.716 0.402111
3.832 0.375489
3.6216 0.41116
3.5944 0.414898
3.4416 0.436099
3.7184 0.401108
3.7616 0.387122
3.7368 0.388292
3.6712 0.400131
3.8792 0.372704
3.6864 0.393525
4.0072 0.356996
3.8528 0.375923
3.8496 0.37172
3.624 0.403476
3.804 0.376312
