12.9488 0.149895
11.2896 0.180678
12.2184 0.128552
12.504 0.157639
11.9176 0.152038
12.3632 0.13631
10.8856 0.157461
12.0048 0.151004
13.1112 0.11473
12.9272 0.144438
11.9624 0.167567
11.1736 0.179281
12.4144 0.135343
12.0992 0.156309
13.8928 0.118209
12.4104 0.155617
11.2688 0.159296
13.216 0.119825
12.0312 0.160067
13.5376 0.131537
10.836 0.194517
11.22 0.195906
13.3784 0.103421
11.144 0.201582
12.6512 0.141803
11.7856 0.155178
12.2544 0.115231
11.5936 0.168608
12.708 0.153522
11.4048 0.162889
12.2256 0.126793
11.828 0.151653
12.7288 0.112357
11.976 0.14212
11.5976 0.183406
13.1768 0.133425
12.3056 0.118055
12.4488 0.126817
13.5056 0.111333
12.3608 0.135463
13.5432 0.0998564
12.0304 0.141324
12.3 0.148954
11.2928 0.139268
12.6504 0.118464
12.7608 0.135915
11.4944 0.150375
11.98 0.151077
11.4272 0.171318
12.2504 0.145623
12.0064 0.177599
11.4664 0.154695
12.8824 0.133968
12.7872 0.147247
12.2944 0.154675
11.5528 0.161285
12.4664 0.121342
11.9728 0.151876
10.9552 0.197445
12.4592 0.139558
11.6208 0.18494
11.2112 0.167221
12.7592 0.12847
12.7192 0.146179
12.7432 0.115056
12.7704 0.135734
12.2352 0.140497
11.5064 0.141313
11.7432 0.132242
11.4584 0.172941
12.2792 0.14476
12.3776 0.142873
12.2176 0.144761
12.9232 0.131225
12.4928 0.136761
11.176 0.208095
12.5744 0.137085
13.1864 0.125245
11.112 0.200299
13.7224 0.108889
13.2488 0.122317
12.796 0.116103
11.5592 0.175756
12.2776 0.146678
13.3432 0.122065
12.156 0.132656
12.2568 0.151755
12.6872 0.133909
12.9584 0.11307
12.7216 0.116899
11.7232 0.135049
11.7896 0.153143
11.5368 0.177259
12.3064 0.164966
12.1176 0.117411
13.2592 0.118592
11.4176 0.171581
13.3176 0.110595
13.2728 0.135615
12.1896 0.133671
