10.6232 0.333584
10.1616 0.370627
10.7096 0.312147
10.6744 0.325941
9.4592 0.42381
10.248 0.361511
10.44 0.308609
10.108 0.370485
10.8824 0.316467
10.544 0.34067
10.9368 0.328008
10.6728 0.320135
10.4832 0.354673
10.436 0.338355
10.9864 0.302469
11.1512 0.28646
10.5208 0.336612
11.8552 0.229902
11.5336 0.25582
11.3016 0.275092
11.0704 0.286039
10.324 0.360125
11.2096 0.278216
10.3656 0.332904
11.008 0.284972
9.8992 0.364393
10.328 0.371317
10.6736 0.31939
11.232 0.280406
10.556 0.326854
11.0728 0.27659
11.4816 0.262146
11.0464 0.286814
10.2536 0.374017
11.16 0.301767
10.104 0.374505
10.0624 0.369113
10.5264 0.329631
10.4784 0.345067
10.952 0.28178
11.1144 0.294234
10.7032 0.327215
10.4656 0.335838
10.5112 0.339118
10.8168 0.329648
10.6824 0.338076
10.4936 0.330458
9.9296 0.376375
10.1 0.362696
10.672 0.325104
10.7064 0.308265
10.7872 0.3356
9.7968 0.403681
10.3544 0.35178
10.2744 0.363609
10.4728 0.316504
11.3832 0.266055
10.7856 0.310701
10.2984 0.377334
10.8752 0.287526
10.5616 0.338809
10.8264 0.287212
10.5952 0.344811
10.108 0.367491
10.9792 0.321602
10.9304 0.312207
10.8784 0.302022
11.236 0.298592
10.9808 0.298477
10.2904 0.357781
10.9696 0.321323
11.1296 0.295274
10.1832 0.377281
9.5848 0.428578
11.016 0.301547
10.6272 0.320303
11.1536 0.272832
11.1264 0.298072
10.4688 0.336309
10.6128 0.318434
9.9088 0.382675
11.4504 0.257663
10.5096 0.323323
10.5816 0.317422
10.2088 0.367422
10.9368 0.304947
10.3992 0.335021
10.472 0.340587
10.136 0.356101
10.6648 0.327295
10.0312 0.389889
10.8656 0.315285
10.532 0.325045
6.26 0.698633
10.3328 0.356035
11.0536 0.312655
10.4232 0.365244
10.7752 0.3232
11.1632 0.270837
10.8104 0.326707
