25.6352 0.0660449
24.3992 0.0902067
25.576 0.0624358
24.8328 0.08625
24.4192 0.0877193
25.332 0.0624722
23.9768 0.0945044
25.0688 0.0697619
25.5816 0.0654918
25.2936 0.0701703
25.0248 0.0705117
24.2296 0.0930135
24.9272 0.0804486
24.8616 0.0806709
26.0832 0.0434783
25.1936 0.0686422
25.1008 0.0623954
26.4048 0.0409693
25.34 0.0636732
25.5328 0.0694772
23.5432 0.107915
23.7968 0.097868
25.8296 0.0566528
24.4608 0.0807252
25.0112 0.076505
24.5312 0.0911139
24.9128 0.0837918
24.5992 0.0855588
25.4224 0.0660946
24.7008 0.0803324
26.5808 0.0346611
25.032 0.072779
26.7448 0.0314066
25.388 0.0526017
24.1944 0.101729
25.7904 0.0663771
25.2656 0.0687622
25.3304 0.0690912
26.3392 0.0446566
25.5848 0.0649377
25.948 0.0618673
24.9952 0.06865
24.9608 0.0804574
24.892 0.0593161
26.3352 0.0385806
25.64 0.052728
24.9568 0.0738905
24.9248 0.077761
24.5568 0.082277
25.4232 0.0641951
24.3112 0.0877735
24.4136 0.0864541
25.0048 0.0827293
25.8272 0.0515585
25.7184 0.0536356
24.3872 0.0847844
25.8656 0.0465349
25.7904 0.0496993
23.6288 0.102004
25.5352 0.053242
24.756 0.0708044
23.74 0.109741
25.604 0.0558997
25.4288 0.0678592
26.244 0.0499566
25.2944 0.0704689
24.6848 0.0846633
24.228 0.10256
25.036 0.0674077
24.284 0.097088
25.2144 0.075854
25.7376 0.0612471
24.596 0.0912181
25.6176 0.0624506
25.7152 0.0558656
23.5624 0.113529
25.7736 0.0529982
26.2696 0.0459075
24.46 0.0756417
26.3224 0.0479456
25.6776 0.0597592
25.4816 0.074312
24.4816 0.0758871
25.26 0.0727417
25.5768 0.0646558
25.1592 0.0794157
25.1168 0.0747922
25.3392 0.0620114
25.86 0.0524974
25.7712 0.0568844
24.7496 0.086326
24.7784 0.0747147
25.172 0.0621461
25.1528 0.0752647
25.7152 0.0528332
25.8056 0.0615599
25.2016 0.0670773
25.9848 0.0555927
25.9208 0.0505758
26.0016 0.0520882
