22.9496 0.0769355
22.2984 0.14366
23.0568 0.0872498
22.3888 0.144185
20.524 0.139065
21.9696 0.119102
21.5672 0.112315
22.5224 0.137522
23.0424 0.0871839
22.3056 0.102896
21.8512 0.141501
20.0576 0.0688554
21.9128 0.118268
21.3088 0.150638
23.8832 0.061844
22.2952 0.0952505
22.352 0.115151
24.0032 0.0508067
22.9328 0.114618
23.148 0.106117
20.2072 0.142192
20.0816 0.185212
23.292 0.107285
20.892 0.145424
22.9432 0.097861
21.884 0.0960611
21.8824 0.109516
21.84 0.136021
23.168 0.0669502
21.484 0.1504
23.4272 0.0502076
22.1128 0.0866706
24.3024 0.067988
21.6504 0.151923
21.548 0.131353
23.3456 0.0832496
23.0912 0.113731
22.1624 0.0776428
23.948 0.0609806
22.4976 0.0938618
24.1608 0.0516251
22.668 0.131228
21.5768 0.106477
21.0864 0.150756
23.5448 0.0516225
22.7528 0.106865
21.5016 0.110681
21.324 0.0781282
21.5784 0.146937
22.9264 0.122293
20.9368 0.172013
21.0432 0.134053
20.8816 0.0919148
22.992 0.0902472
23.0232 0.0958246
21.2776 0.172207
22.6032 0.0823048
22.736 0.0850557
19.8056 0.160096
22.3224 0.0776478
22.0288 0.116019
20.332 0.140107
23.1312 0.0852895
21.7496 0.101167
24.172 0.0729605
22.8856 0.100974
22.0296 0.134737
21.5648 0.153232
22.3864 0.107172
19.8856 0.173142
22.2216 0.121287
22.9984 0.0899076
21.1984 0.104586
21.2808 0.100497
22.452 0.103727
20.5664 0.153423
23.436 0.0799309
23.912 0.0852054
20.4448 0.196933
24.3944 0.0650048
23.4896 0.0784055
22.9384 0.115822
20.94 0.110964
21.9928 0.129866
23.7704 0.0887819
21.5704 0.0996126
22.3504 0.121999
23.4488 0.0782994
23.056 0.0871658
22.5856 0.0893491
21.8648 0.141102
21.812 0.143714
21.4648 0.149788
22.012 0.107901
22.6688 0.0722284
23.1112 0.0686376
22.7792 0.0985532
24.2752 0.0689454
22.9272 0.0771832
21.8688 0.0753619
