4.6832 0.275674
3.2936 0.434478
3.7352 0.379782
4.3488 0.342605
4.0224 0.361929
3.688 0.396834
3.0736 0.482071
3.7848 0.384785
4.2264 0.313361
4.432 0.312911
3.7312 0.39334
3.3784 0.421428
4.2344 0.3406
4.028 0.344145
5.0248 0.260014
4.1088 0.347975
3.1864 0.44742
4.2384 0.293977
3.6312 0.395203
4.6656 0.279021
3.2496 0.461987
3.5096 0.43648
4.3088 0.286055
3.596 0.415475
4.1456 0.333848
3.7464 0.383085
3.7072 0.381639
3.4176 0.433872
4.1848 0.330989
3.5168 0.412378
3.3952 0.409489
3.6896 0.398775
3.696 0.372112
3.4784 0.414253
3.7152 0.384493
4.3208 0.332963
3.5504 0.392221
3.8552 0.373179
4.6032 0.297093
3.7472 0.39066
4.2128 0.332488
3.5136 0.400246
3.8968 0.370997
3.2048 0.456519
3.7504 0.329519
4.1688 0.329861
3.244 0.46405
3.8232 0.375131
3.4912 0.43332
3.836 0.378161
3.992 0.369392
3.6488 0.412621
4.2984 0.335929
4.236 0.344191
3.696 0.38572
3.6648 0.40791
3.7648 0.38282
3.6312 0.397691
3.5784 0.435726
4.1728 0.345217
3.588 0.408545
3.1128 0.46108
4.1856 0.331886
4.3432 0.306464
3.6552 0.38819
4.2456 0.334462
4.0304 0.344267
3.372 0.428242
3.4 0.424431
3.5296 0.428867
3.8696 0.349778
3.8976 0.351438
4.0568 0.348786
3.9424 0.350125
3.8968 0.357303
3.4032 0.428226
4.0664 0.350332
4.1672 0.321214
3.4472 0.421611
4.7216 0.263631
4.5696 0.304602
4.2008 0.334305
3.684 0.40954
3.8328 0.364926
4.612 0.279465
3.516 0.39396
3.9448 0.366684
4.0704 0.33167
3.9848 0.376127
3.892 0.356311
3.316 0.452878
3.4992 0.424625
3.488 0.422364
4.2112 0.323828
3.464 0.394913
4.5512 0.289053
3.1352 0.450351
4.452 0.295837
4.6056 0.270804
3.6232 0.398779
