22.6808 0.125563
21.9744 0.149966
21.5192 0.112625
22.1936 0.139249
22.0984 0.132607
22.3968 0.135873
21.9752 0.151301
22.5984 0.128256
21.5064 0.135122
22.52 0.138274
22.556 0.128951
22.4944 0.137855
22.5576 0.123364
22.4576 0.132724
22.7808 0.126958
23.0624 0.109752
22.088 0.146654
23.0584 0.10393
23.0272 0.117326
23.0888 0.101855
22.3656 0.114556
22.2104 0.14272
23.064 0.116024
21.8104 0.136919
22.1784 0.142685
21.3824 0.180223
22.2048 0.142221
22.1608 0.144661
22.7184 0.128922
21.9576 0.146628
22.2992 0.111954
23.1976 0.111584
22.452 0.126381
22.7336 0.130952
23.0376 0.103093
22.2936 0.133138
22.7808 0.125645
22.4672 0.127067
22.592 0.129228
21.7848 0.124827
22.844 0.105448
22.7792 0.120549
22.2528 0.148889
22.7664 0.0993734
21.6792 0.135681
22.4768 0.132572
22.4816 0.130857
22.7256 0.129261
22.352 0.143864
22.012 0.151165
21.864 0.156429
22.0288 0.116303
22.5568 0.130639
22.2392 0.135146
22.6704 0.131243
21.4176 0.172938
23.1672 0.0896831
20.8888 0.131168
22.836 0.125138
22.3984 0.129009
22.6472 0.131999
22.4176 0.139981
22.5976 0.128044
21.8088 0.136982
22.6472 0.125131
22.9056 0.122014
22.5832 0.134292
22.9296 0.114906
22.8464 0.123853
22.1944 0.138309
22.8208 0.125935
22.6824 0.130409
22.368 0.108447
22.2768 0.146012
22.6648 0.117469
22.2992 0.110962
22.2928 0.133277
23.0632 0.104634
22.3568 0.101848
22.5816 0.121749
22.5888 0.122424
22.556 0.124052
22.228 0.147307
22.368 0.136451
21.7584 0.159907
22.1864 0.143541
22.312 0.13848
22.0624 0.147696
21.9376 0.158576
22.6592 0.124289
22.6936 0.12361
23.3104 0.0939395
21.8952 0.153789
22.3888 0.1306
22.8128 0.118652
22.7232 0.122195
22.5592 0.122483
22.5888 0.133626
22.3208 0.117253
23.0528 0.116453
