12.5376 0.0340237
10.8392 0.0487925
11.2832 0.0345677
11.8944 0.0415162
11.4704 0.0486996
11.4448 0.0457577
10.0856 0.0626069
11.3496 0.0400568
12.3496 0.0263025
12.36 0.0340731
11.3312 0.0470295
10.7352 0.0538006
11.8552 0.0382269
11.5792 0.0495765
13.2176 0.0180673
11.7696 0.0393732
10.7392 0.0430567
12.3096 0.0198114
11.3952 0.0342396
12.7272 0.0270915
10.3024 0.077375
10.5088 0.0792093
12.4624 0.0327228
10.8864 0.0555903
11.9376 0.044258
11.2512 0.0516521
11.324 0.0439041
10.8864 0.0488572
12.1384 0.0284928
10.688 0.0588898
11.5456 0.0189654
11.3488 0.0394095
11.8608 0.0225475
11.268 0.0479892
11.0992 0.0571526
12.5784 0.0208619
11.5912 0.0353529
11.6664 0.0308367
12.7288 0.0201379
11.5664 0.0302502
12.6536 0.0177607
11.212 0.047182
11.7192 0.0397247
10.5248 0.0540016
11.8768 0.0280215
12.0664 0.0287205
10.8872 0.0429003
11.2888 0.0490599
10.8304 0.0516952
11.6752 0.0358724
11.4 0.0505697
10.9208 0.0564694
12.1 0.0372374
12.2984 0.0245558
11.5 0.0404512
11.0536 0.0533708
11.4904 0.0333804
11.4312 0.0389427
10.4888 0.0767552
11.8824 0.0342653
11.0184 0.0608251
10.4696 0.0593013
12.2064 0.03656
12.2728 0.0369743
11.9408 0.0207964
11.892 0.0374903
11.8248 0.0470634
10.8216 0.0545188
11.0216 0.0413332
10.8344 0.0530695
11.5696 0.0412357
11.6696 0.0320504
11.5552 0.0503616
12.1232 0.0361277
11.74 0.0318005
10.66 0.0696132
11.992 0.0315286
12.2624 0.018694
10.6824 0.064654
12.9528 0.0184298
12.5896 0.023517
12.0984 0.0297684
10.892 0.0590878
11.6528 0.0358112
12.6352 0.0278821
11.3792 0.0396327
11.6576 0.0391666
12.132 0.0244452
11.9224 0.0282976
11.8992 0.0330885
10.8824 0.0433896
10.8168 0.0559279
11.0576 0.0375322
11.916 0.0298313
11.2624 0.030374
12.6408 0.023424
10.8056 0.0428713
12.532 0.0247774
12.5552 0.0279343
11.3176 0.0302303
