3.2144 0.464195
2.6616 0.526203
2.8352 0.53196
3.0616 0.551401
2.8952 0.440736
2.7328 0.513598
2.452 0.563452
2.7368 0.575031
3.3424 0.518719
2.9184 0.589559
2.792 0.503132
2.7664 0.507688
3.0208 0.462491
3.072 0.453459
3.604 0.48123
3.2448 0.422305
2.5096 0.610117
3.5248 0.418427
2.736 0.602695
3.4912 0.378613
2.284 0.668062
2.5936 0.571957
3.2528 0.527539
2.6136 0.495132
3.46 0.467561
2.8096 0.627966
2.9856 0.565996
2.7632 0.544447
3.2208 0.468164
2.5848 0.667113
2.8328 0.453212
2.6528 0.655481
2.9232 0.550277
2.76 0.489645
2.6896 0.521151
3.0848 0.521291
2.8848 0.442572
2.9192 0.480495
3.2496 0.37247
3.0088 0.464398
3.3008 0.455457
2.9456 0.513478
2.8704 0.445869
2.4784 0.639726
3.3312 0.355916
3.4672 0.501208
2.4784 0.590807
3.0592 0.455581
2.6384 0.636944
2.9264 0.517287
3.3096 0.490893
2.6808 0.522989
3.152 0.439465
3.1536 0.438861
2.808 0.500285
2.8416 0.586881
2.5096 0.63519
2.8488 0.529963
2.432 0.567075
3.0952 0.550169
2.6976 0.607907
2.5104 0.514842
3.3024 0.487078
3.3208 0.517045
2.4768 0.711651
3.2616 0.493666
3.1584 0.478881
2.556 0.562509
2.7112 0.517236
2.5728 0.575502
3.068 0.49393
2.7808 0.567823
2.9624 0.569419
3.116 0.521087
2.7688 0.487335
2.7728 0.542503
3.1392 0.482049
3.2072 0.380467
2.576 0.604179
3.7944 0.497244
3.1416 0.481721
2.868 0.555045
2.768 0.542933
2.9496 0.571179
3.7176 0.481651
2.8336 0.564115
2.9056 0.60319
3.1584 0.438007
2.7056 0.518234
3.1832 0.510458
2.4416 0.528139
2.448 0.665683
2.7144 0.552138
3.1736 0.470855
2.9256 0.434339
3.316 0.485093
2.7144 0.517011
3.3136 0.359617
3.5168 0.373878
2.5968 0.59667
