25.9632 0.0737221
25.6672 0.0743487
25.872 0.0727413
25.628 0.0832475
25.7808 0.0746569
26.0144 0.0698513
25.4896 0.0872579
25.9984 0.0702638
25.6808 0.0780873
25.904 0.0753327
25.8736 0.0722584
26.0016 0.0659808
26.0904 0.0645383
25.6896 0.0793314
25.736 0.0752558
26.2104 0.0618504
25.7824 0.0764558
25.908 0.0745292
25.8424 0.0762654
26.0336 0.0699097
25.656 0.0827446
25.4472 0.0893501
26.148 0.0661962
25.9752 0.066124
26.0416 0.0666896
25.5856 0.0781691
25.644 0.0820447
25.9328 0.0707488
25.964 0.0712548
25.8864 0.0728367
26.1328 0.066419
26.2832 0.060079
26.1464 0.0635512
26.072 0.066911
25.8264 0.0730734
25.824 0.0764477
25.804 0.0768196
26.1456 0.0646786
25.972 0.0703302
25.8496 0.0757966
26.2208 0.061021
25.7712 0.0770156
25.9424 0.0731415
25.8032 0.0756312
25.8096 0.0722379
26.02 0.0682385
25.8848 0.0715372
25.5824 0.0841973
25.8472 0.0751946
25.7408 0.0731918
25.7184 0.0777704
25.6984 0.0781703
26.0336 0.0663606
25.9232 0.0702399
25.9144 0.0710619
25.272 0.0912491
26.2248 0.0642555
26.184 0.062097
26.0768 0.0682065
25.7064 0.0787821
25.5768 0.0824796
25.8376 0.074107
26.0616 0.0644439
25.54 0.0845353
25.956 0.0685557
26.1128 0.067693
26.1008 0.0638969
25.8696 0.0747639
25.54 0.0810305
25.7728 0.0813539
26.1936 0.0619413
25.8168 0.0755679
26.0752 0.0662083
25.7184 0.0761804
26.052 0.066745
25.8248 0.0731574
26.0472 0.0662747
26.1736 0.0657624
25.992 0.0696143
26.104 0.065632
25.8736 0.0751237
26.1624 0.0651478
25.736 0.0770334
25.6432 0.0808625
25.6472 0.0811144
25.6112 0.0820885
25.9256 0.0710068
25.88 0.0732518
26.0072 0.0644084
26.156 0.0618634
25.984 0.0710976
26.328 0.0616714
25.7904 0.0755334
25.6904 0.0819611
25.624 0.0819982
25.8544 0.0722815
25.968 0.0726509
26.0144 0.0698247
25.7872 0.079791
25.9352 0.0741397
