27.2 0.000264636
26.5448 0.000782967
27.012 0.000591979
26.9648 0.000266943
26.5344 0.00048216
26.7512 0.000836645
26.2384 9.14606e-05
26.8248 0.000536529
27.3096 0.000146447
27.1424 0.000353565
26.788 0.000328397
26.4208 0.000211909
26.804 0.000447494
26.7816 2.98704e-05
27.5488 5.80754e-05
26.9304 0.000356347
26.6848 0.000389583
27.576 0.000116029
27.0384 0.000177494
27.3608 0.000350744
25.8552 0.00114353
25.804 0.00151684
27.2456 0.000410907
26.4304 9.07963e-05
26.6704 0.000449735
26.5432 0.000271182
26.788 0.000537265
26.7072 0.000568811
27.1848 0.000411825
26.5632 0
27.616 0.000115861
26.9496 0.000237424
27.464 0.000727696
26.864 0.00023818
26.4176 0.000937888
27.48 8.73286e-05
27.0648 0.000590824
27.1752 2.94377e-05
27.4888 0.000407273
26.9952 0.000769914
27.6008 0
26.6984 0.000269606
26.9488 0.000623016
26.4472 0.000423306
27.2664 0.000557152
27.2168 0.000499442
26.732 0.000418798
26.6824 0.00053939
26.4776 0.000302051
27.072 0.000324953
26.4944 0.000724157
26.368 0.000667031
26.9296 0.000801449
27.2416 0.000557659
27.1152 0.000501312
26.2648 0.000791308
27.1272 0.00029482
26.9232 0.000682959
25.9456 0.00113955
26.924 0.000386123
26.5 3.01878e-05
26.34 0.000819374
27.0704 0.000679248
27.12 0.000412809
27.5816 0
27.0944 0.000590179
26.6912 0.000179802
26.3912 0.000605895
26.7888 0.000298543
26.5144 0.000994695
27.0032 0.000740105
27.1816 0.000411874
26.6304 0.0009304
27.1152 0.000854877
27.144 0.000412444
26.064 0.00128747
27.1704 0.000235495
27.5032 0.000377995
26.3512 0.000212469
27.6352 0.00037619
27.268 0.000293298
27.2512 0.000498812
26.28 0.000942794
27.0616 0.000384161
27.228 0.000499236
26.8752 0.000862505
26.7344 0.000179512
27.212 0.000176362
27.2176 0.000235087
27.1528 2.9462e-05
26.9272 0.000415763
26.5128 0.000994755
26.872 0.000238109
27.0384 0.000561848
27.1344 0.000147393
27.3864 0
26.8712 5.95398e-05
27.3416 0.000584847
27.2864 0.000468878
27.22 0.000146929
