2.6896 0.74196
2.492 0.763154
2.0104 0.834366
2.3336 0.78804
1.5912 0.879396
2.096 0.817447
2.3616 0.786474
2.0392 0.82694
2.7176 0.741634
2.4312 0.778821
2.3816 0.783601
1.2464 0.910813
2.0664 0.827062
2.4512 0.775037
2.3624 0.783774
2.6472 0.754653
2.3904 0.781738
2.5616 0.765404
2.5072 0.766659
1.7008 0.866675
2.3056 0.800139
2.6 0.75831
2.508 0.767657
2.2104 0.810338
2.6496 0.743891
2.3592 0.78573
2.4808 0.773418
1.6888 0.867449
2.0624 0.823955
2.4776 0.771894
2.5672 0.752507
2.2416 0.794981
2.648 0.742051
2.416 0.773443
2.7584 0.734012
2.1128 0.821409
2.4344 0.777102
2.4312 0.78154
2.7712 0.736398
2.4144 0.78364
2.0784 0.819958
2.5688 0.767268
1.8392 0.854632
1.1768 0.915236
2.3064 0.790083
1.5136 0.887227
2.4584 0.772909
2.1576 0.81782
1.8216 0.856612
2.396 0.78795
2.62 0.750267
2.716 0.730149
2.1928 0.805216
1.9048 0.840587
2.4776 0.763407
2.4632 0.776836
2.2464 0.804525
1.7824 0.858035
2.6904 0.735239
2.1168 0.823847
1.9648 0.83595
2.52 0.765153
2.3016 0.800347
2.1592 0.808568
1.6536 0.87347
2.4216 0.779116
2.3776 0.787213
2.252 0.798439
2.6304 0.753468
2.4904 0.766467
2.6344 0.754748
2.6136 0.750382
1.7856 0.86015
0.928 0.938031
2.02 0.826329
2.3992 0.786198
2.7224 0.736345
2.5 0.76288
2.5448 0.764318
2.2864 0.797219
2.3432 0.788413
1.732 0.861917
2.584 0.755062
1.5128 0.884997
2.5832 0.762241
2.66 0.752604
2.0928 0.818974
2.0896 0.816946
1.9448 0.840097
2.156 0.818677
2.4744 0.77663
1.9864 0.836709
2.0664 0.827143
2.492 0.76989
2.2768 0.797654
2.3744 0.790662
2.6456 0.747461
1.7888 0.856104
2.4104 0.784524
2.5888 0.760296
