4.7888 0.444661
3.5488 0.522959
3.8856 0.487063
4.5968 0.458435
4.1096 0.52488
4.1592 0.475431
2.7112 0.692831
3.848 0.499428
4.5152 0.454053
4.6096 0.489863
4.196 0.47868
3.7096 0.490943
4.3864 0.490759
4.1872 0.477801
5.4464 0.357129
4.5416 0.427779
3.3976 0.554682
4.4112 0.446996
3.812 0.495714
4.7288 0.473314
3.6032 0.515386
3.8576 0.493913
4.6704 0.450489
3.9152 0.498257
4.3672 0.485776
4.1024 0.482804
4.1384 0.439545
3.6912 0.530621
4.2784 0.507551
3.6696 0.499891
3.8168 0.461026
3.6336 0.542506
3.6344 0.516342
3.844 0.487631
4.0416 0.460948
4.8392 0.410946
3.8816 0.512949
4.1176 0.516214
4.5888 0.457589
4.0192 0.46695
4.8264 0.392569
3.788 0.499471
4.3088 0.433291
3.3048 0.593205
4.256 0.403186
4.576 0.44086
3.4544 0.594896
3.8328 0.520228
3.7776 0.517474
3.9648 0.517147
4.4416 0.435198
4.1104 0.461087
4.6136 0.447923
4.5448 0.435007
3.9944 0.478973
3.708 0.589787
3.9576 0.473891
3.9048 0.499949
3.724 0.535104
4.6584 0.411402
3.696 0.500324
2.9016 0.675813
4.4656 0.453656
4.8784 0.374243
3.6624 0.533
4.4632 0.429608
4.4912 0.449338
3.7072 0.471246
3.5032 0.545039
3.7424 0.516086
4.1816 0.427053
4.3 0.394434
4.2184 0.474591
4.3008 0.461269
3.7528 0.544917
3.436 0.584462
4.356 0.444784
4.3328 0.51013
3.3904 0.564037
5.0416 0.423263
4.596 0.49561
4.3736 0.457854
3.5008 0.607815
4.3376 0.392765
4.8448 0.407262
3.9816 0.466044
4.2056 0.465209
4.3688 0.473841
4.3256 0.475609
4.196 0.48447
3.592 0.51068
3.864 0.448882
3.6968 0.515364
4.4496 0.427483
3.652 0.517544
4.6704 0.455563
3.72 0.516431
4.712 0.436849
5.1184 0.337201
3.7056 0.549635
