3.0592 0.690239
3.1552 0.686212
3.3656 0.6465
3.2104 0.688214
2.8096 0.750692
3.3144 0.65766
2.8952 0.693409
3.3288 0.625338
3.54 0.619976
3.4408 0.64522
3.4976 0.653098
3.5296 0.629773
3.1584 0.688496
3.16 0.675351
3.4728 0.649269
3.4456 0.636387
3.3312 0.66495
3.4752 0.62706
3.4008 0.638766
3.4296 0.652057
3.2184 0.670165
3.3768 0.651675
2.7784 0.747638
3.464 0.63802
3.2472 0.666118
2.9776 0.703639
3.608 0.628409
3.3072 0.652108
3.1016 0.693348
2.9016 0.698002
2.9624 0.700016
3.2304 0.679549
3.3072 0.655758
3.5048 0.62942
3.7384 0.600222
3.2296 0.681273
3.152 0.665364
3.124 0.67815
3.312 0.657795
1.3224 0.907612
3.3936 0.647352
3.18 0.678059
3.0992 0.698051
3.028 0.696374
3.4264 0.649222
3.3736 0.662775
3.448 0.638998
2.928 0.704099
3.4976 0.625236
3.0192 0.699379
3.4304 0.635993
3.1856 0.687318
1.5688 0.880906
2.9632 0.721063
2.9824 0.7049
2.564 0.781482
3.1056 0.683309
3.2608 0.671846
3.4888 0.642101
3.36 0.642157
3.288 0.651518
3.0336 0.685102
3.4568 0.643688
3.1736 0.682894
3.3968 0.663123
3.4976 0.619859
1.5664 0.885256
3.428 0.665626
1.004 0.930111
3.0544 0.698182
3.436 0.642113
3.4168 0.649142
3.4304 0.638814
3.4376 0.634671
2.5728 0.772077
2.9784 0.70363
3.428 0.651796
3.512 0.614202
3.3808 0.637906
0.6752 0.956468
3.052 0.692413
3.236 0.672231
3.1944 0.672275
3.28 0.653042
3.484 0.639874
3.5224 0.64212
3.092 0.699619
2.856 0.724686
2.8592 0.732745
3.3736 0.65598
3.4432 0.63544
3.4016 0.648101
3.004 0.69907
3.4112 0.653896
3.2528 0.666803
2.8232 0.750283
3.4344 0.658934
3.2544 0.67663
2.5728 0.756548
3.5648 0.607089
