7.1144 0.478325
6.9552 0.334354
7.4744 0.426915
7.7096 0.320333
7.4136 0.364621
6.8928 0.554337
7.0848 0.427537
7.5112 0.384449
7.5568 0.351726
6.3616 0.472154
6.8872 0.514055
7.4144 0.39904
7.0504 0.445793
7.8584 0.370522
7.1968 0.382694
8.2824 0.296097
7.928 0.332885
7.6888 0.38173
7.1592 0.391431
6.7888 0.456513
7.7208 0.29193
7.8088 0.431475
7.184 0.290735
7.1064 0.344573
6.9064 0.525425
6.8056 0.534144
6.5832 0.515314
7.2848 0.393095
7.7624 0.290249
6.3792 0.579829
7.14 0.353963
7.8024 0.351702
7.9232 0.399211
6.3328 0.528388
7.26 0.329813
6.1344 0.403825
7.5488 0.434496
7.6672 0.409707
7.1544 0.432587
6.972 0.356684
7.5832 0.27856
7.0432 0.517536
6.5184 0.538958
7.3304 0.435045
7.7464 0.412404
7.8664 0.329766
8.3328 0.313563
5.6856 0.638339
6.74 0.458165
7.4784 0.390215
6.6448 0.565199
7.88 0.385259
7.8592 0.435694
6.6128 0.479012
7.4064 0.414569
7.3696 0.447953
8.3344 0.400644
7.9688 0.396522
7.9112 0.383017
6.7608 0.48989
7.5344 0.44315
7.2424 0.441483
7.2992 0.45629
5.9376 0.206458
6.9048 0.491965
7.6024 0.326411
6.4592 0.604584
7.0992 0.493724
6.5608 0.570696
7.2384 0.439683
8.2304 0.340513
7.8136 0.390134
7.8136 0.354461
7.9584 0.362389
7.6656 0.245452
7.112 0.375044
8.2704 0.276911
7.4152 0.459155
7.0728 0.270243
7.16 0.445443
7.2928 0.423512
7.492 0.437267
7.5872 0.446707
7.5472 0.47789
6.1048 0.553534
7.9616 0.36201
7.4464 0.379218
6.9088 0.493044
6.9048 0.431872
7.3856 0.438169
6.9696 0.387385
7.1456 0.532576
6.8728 0.313379
7.58 0.34064
7.3592 0.360337
6.5464 0.571324
7.5288 0.374975
6.7872 0.438592
8.0832 0.352681
7.0064 0.531106
