3.4784 0.440484
3.324 0.470701
3.6296 0.40747
3.252 0.480312
3.3176 0.471046
3.3736 0.467954
3.2896 0.490774
3.3744 0.465873
3.4376 0.447473
3.4536 0.443614
3.4328 0.442365
3.4496 0.444974
3.3144 0.469118
3.3496 0.456022
3.184 0.49486
3.4104 0.455972
3.448 0.434383
3.4904 0.433008
3.4376 0.440276
3.4568 0.42927
3.5384 0.432002
3.4656 0.443902
3.5392 0.422002
3.4248 0.455897
3.576 0.414845
3.2592 0.479361
3.444 0.442502
3.3736 0.448614
3.3592 0.457564
3.4384 0.455743
3.312 0.458044
3.4888 0.439892
3.4496 0.444115
3.364 0.455381
3.5512 0.432571
3.3528 0.461449
3.3888 0.462027
3.4872 0.448507
3.4104 0.45997
3.3744 0.453415
3.4528 0.436774
3.4528 0.452145
3.3424 0.460207
3.3104 0.470099
3.3952 0.460874
3.5256 0.429219
3.3536 0.450157
3.3736 0.461843
3.3904 0.454077
3.2736 0.49003
3.4424 0.452753
3.4744 0.436194
3.408 0.459597
3.4224 0.446285
3.4072 0.447601
3.3592 0.450105
3.4816 0.432076
3.52 0.422269
3.3296 0.470146
3.3888 0.453842
3.404 0.451109
3.4656 0.442112
3.4032 0.444212
3.2768 0.482567
3.3944 0.452728
3.5344 0.431549
3.4608 0.435469
3.4464 0.433903
3.2824 0.479315
3.3528 0.455007
3.448 0.446727
3.4112 0.447382
3.4928 0.430324
3.416 0.449813
3.3856 0.457575
3.5064 0.439801
3.3824 0.454733
3.4664 0.432259
3.4776 0.445253
3.488 0.431996
3.3744 0.457003
3.5272 0.429034
3.3864 0.454721
3.4536 0.441671
3.4784 0.448643
3.4664 0.437492
3.368 0.461086
3.3528 0.464751
3.3768 0.462977
3.3672 0.456903
3.5264 0.436101
3.6136 0.414517
3.4344 0.449121
3.4736 0.440464
3.3424 0.46682
3.3528 0.45642
3.4616 0.439653
3.432 0.432615
3.4152 0.450791
3.4872 0.437621
