8.604 0.356142
6.6688 0.485432
7.8928 0.347444
8.104 0.419384
6.9304 0.258622
7.1488 0.429593
7.2776 0.354731
8.1992 0.388119
7.4912 0.425698
7.2928 0.501013
7.7712 0.265149
6.192 0.450869
7.4528 0.421331
7.5688 0.345078
8.8144 0.40995
7.8696 0.281026
6.8 0.490469
8.9496 0.232347
7.7896 0.433269
8.8528 0.355466
6.8096 0.475151
6.7064 0.465165
8.3512 0.406133
6.9312 0.340288
8.0088 0.443926
6.7328 0.546234
7.1768 0.498378
7.7248 0.356481
8.3736 0.281507
6.2104 0.570726
7.788 0.205306
6.4576 0.542326
8.9312 0.339565
7.8296 0.332902
6.4256 0.385557
7.7088 0.392625
7.888 0.365631
7.2688 0.308471
9.1584 0.246743
8.8048 0.340603
9.3096 0.252217
8.3 0.35217
7.5376 0.30506
7.6328 0.39403
9.3064 0.253577
8.3408 0.384134
7.464 0.359643
7.448 0.230833
6.8368 0.465541
7.7072 0.484399
7.0912 0.497989
6.7544 0.332833
7.6784 0.316187
6.8568 0.337738
7.8312 0.306335
6.4664 0.510951
6.6744 0.481189
7.7408 0.33626
5.5944 0.541533
7.7696 0.286983
8.3024 0.373196
7.2744 0.306566
8.8984 0.316349
6.8752 0.513115
6.232 0.614242
7.8984 0.286272
8.0912 0.367044
6.9176 0.365498
7.3408 0.38843
6.528 0.4214
8.0216 0.315657
7.1416 0.363176
7.8712 0.410732
7.4896 0.441041
7.848 0.345302
6.8904 0.462057
8.5496 0.422356
9.0392 0.210026
6.0856 0.508528
8.6496 0.487194
8.2424 0.378326
8.2192 0.382646
7.0368 0.375328
6.9776 0.443395
8.6944 0.372916
7.7768 0.371379
7.5464 0.468174
8.0032 0.431171
7.228 0.399468
8.4896 0.36417
7.4512 0.366653
6.8008 0.489337
8.0192 0.331288
7.068 0.334012
7.4544 0.23441
8.5376 0.343787
7.3848 0.408117
8.6368 0.241054
9.5752 0.255844
7.2232 0.440478
