25.928 0.0740265
25.2192 0.0937994
25.6024 0.0828772
25.4336 0.0910598
25.5976 0.0811533
25.9424 0.0712567
25.4816 0.0839756
25.6528 0.0844041
25.376 0.0904659
25.664 0.0847622
25.6096 0.083591
25.7528 0.0759537
25.648 0.0841047
25.3696 0.092283
25.3688 0.0915576
25.9616 0.0714735
25.596 0.082791
25.9064 0.0736863
25.7976 0.0755669
26.0536 0.0681031
25.608 0.083517
25.3816 0.0897954
25.9984 0.0710876
25.7608 0.0741784
25.816 0.074828
25.2032 0.0947907
25.4728 0.0881991
25.6136 0.0837101
25.736 0.0797792
25.628 0.0820917
25.9376 0.0737365
26.1152 0.0665675
25.9016 0.0729563
25.6544 0.084739
25.6312 0.0816087
25.796 0.0771322
25.6688 0.080999
25.944 0.0721561
25.6368 0.0837717
25.7304 0.0792946
25.8136 0.0786648
25.6096 0.0813293
25.536 0.090002
25.6008 0.0824349
25.5608 0.0835795
25.72 0.0798775
25.6448 0.0806734
25.3808 0.0917523
25.5136 0.0890603
25.456 0.0847906
25.4744 0.0867034
25.4648 0.0887725
25.6664 0.0831857
25.7912 0.0747087
25.7064 0.0797846
25.2664 0.0902728
26.1256 0.0677419
25.7896 0.0791796
25.8264 0.0784974
25.5072 0.0861041
25.3832 0.090234
25.6448 0.0820423
25.6304 0.0820846
25.328 0.091926
25.5632 0.085199
25.8384 0.0783849
25.7832 0.0780387
25.7856 0.0774251
25.332 0.0887245
25.7576 0.0797176
25.9784 0.0695149
25.8728 0.0722871
25.6704 0.0838282
25.5128 0.0851955
25.6416 0.0836526
25.5464 0.0846734
25.7904 0.0763809
26.1256 0.0674225
25.8184 0.0764366
25.8584 0.0747145
25.656 0.0838713
25.9776 0.0713264
25.492 0.0872766
25.5288 0.0851729
25.5064 0.0847161
25.4872 0.0854838
25.8136 0.0744363
25.6272 0.0829349
25.6984 0.0761023
26.1256 0.0614726
25.7536 0.0799657
26.2504 0.0633153
25.5928 0.0825901
25.6032 0.0840035
25.4688 0.0877937
25.5408 0.0835606
25.6376 0.0855472
25.8144 0.0763153
25.7408 0.0791861
25.7688 0.0801325
