26.1912 0.0360676
25.3816 0.0549284
25.8128 0.0437437
25.664 0.0527652
25.6648 0.0514193
25.7 0.0483737
25.372 0.0576717
25.8568 0.0460435
25.4944 0.0565177
25.6992 0.0539243
26.1 0.0383765
25.848 0.0423829
25.8544 0.0526748
25.592 0.0525412
26.1784 0.0390285
26.1456 0.0416398
25.5984 0.0512927
26.364 0.0373605
26.1656 0.0380011
26.284 0.036369
25.5864 0.0550993
25.6576 0.0477152
26.4016 0.0347188
25.7848 0.0400584
25.6504 0.051194
25.1968 0.05041
25.4488 0.0569768
25.7 0.0497249
26.056 0.0410435
25.8112 0.0434061
26.212 0.0396565
26.2536 0.0408873
26.0744 0.0408746
26.0488 0.0439544
26.2672 0.0343793
25.9144 0.0455242
25.9672 0.0447616
26.0184 0.0426528
26.1656 0.0369814
25.7416 0.0493116
26.404 0.0368846
26.104 0.0361837
25.5768 0.0560952
26.2 0.036453
25.812 0.0422406
25.96 0.043591
25.7096 0.0481874
25.7968 0.0457787
25.5152 0.0561392
25.764 0.0493831
25.5912 0.0497
25.8976 0.0463116
25.8616 0.047525
25.8112 0.0483438
25.9408 0.0428032
25.2 0.0539404
26.5192 0.0337259
25.9448 0.0435872
25.992 0.0426096
25.784 0.047239
25.7368 0.0487581
25.7432 0.0432882
25.9296 0.045105
25.6304 0.0515971
26.0752 0.0424232
26.084 0.0452695
26.0408 0.0418004
26.1288 0.0406803
25.9136 0.046537
25.7632 0.0492723
26.1048 0.0457098
26.1416 0.039759
25.9488 0.0436936
25.9104 0.0426815
25.9288 0.0498652
25.7128 0.0461479
26.0816 0.0353011
26.4944 0.0324861
25.9816 0.0426824
26.1352 0.038072
25.864 0.048446
26.1152 0.0425014
25.5536 0.0471048
25.8624 0.0442855
25.6784 0.0448445
25.672 0.0484239
25.776 0.0407859
25.7576 0.0421266
25.7304 0.0453817
25.9816 0.0422024
25.8936 0.0478894
26.3272 0.0356054
25.6448 0.047653
25.9096 0.0466561
25.844 0.0507464
25.996 0.0436459
25.8688 0.0493606
25.756 0.0505191
25.9384 0.0448372
26.2008 0.04178
