11.1088 0.287459
10.2272 0.356294
11.0912 0.273984
10.0256 0.391621
9.58 0.417502
9.952 0.394912
10.22 0.320551
10.56 0.322138
10.2752 0.37444
10.3048 0.357524
11.2248 0.284789
10.78 0.306592
11.1416 0.276745
10.0696 0.375676
10.1968 0.379062
10.628 0.32965
10.4608 0.337857
11.3328 0.276396
10.9872 0.311026
11.144 0.28816
10.8952 0.298243
10.68 0.313483
10.504 0.35352
10.0272 0.356042
10.74 0.302742
9.7352 0.387477
10.9544 0.298694
10.8288 0.293676
10.5608 0.338362
10.4824 0.312575
10.0192 0.380153
11.08 0.301669
10.4808 0.342418
10.656 0.341149
11.1472 0.302672
10.9992 0.289898
9.6608 0.394201
11.096 0.274506
10.7184 0.319069
9.5968 0.408598
10.1568 0.381618
10.5768 0.331056
10.0464 0.374913
10.3424 0.347466
10.4728 0.362937
10.1144 0.390552
10.852 0.294078
10.5064 0.317802
10.1752 0.360179
10.1848 0.356858
10.7416 0.314039
11.2984 0.277559
11.0616 0.285537
10.3416 0.351868
11.224 0.272152
9.8192 0.382285
10.6152 0.332646
10.596 0.319408
10.0968 0.392579
10.7648 0.304707
10.5064 0.340315
10.4328 0.323003
10.6288 0.338709
10.2192 0.355076
10.1896 0.378683
10.6104 0.339919
10.6336 0.309435
10.9848 0.32206
10.3568 0.356657
10.3144 0.345931
10.8552 0.332136
10.9976 0.297152
11.2432 0.275866
10.308 0.366862
10.8424 0.320004
10.2448 0.344224
10.3792 0.350878
10.8952 0.321526
10.972 0.2837
9.4552 0.438367
9.96 0.378897
10.452 0.369754
10.2176 0.362643
10.6704 0.306613
10.4392 0.345291
10.564 0.341954
10.5752 0.311331
10.5136 0.333232
10.0736 0.359772
11.0928 0.278076
10.4128 0.346849
11.0744 0.288863
9.9528 0.383804
10.9896 0.301485
10.2128 0.3693
10.5544 0.353538
10.56 0.349433
10.3848 0.360888
10.44 0.342039
11.084 0.296629
