10.368 0.33371
9.2208 0.426396
10.092 0.343174
8.1504 0.534858
9.5592 0.384421
9.7976 0.368092
9.0432 0.409343
9.0024 0.455667
9.4744 0.413858
9.3696 0.423083
9.2912 0.443507
9.5872 0.392508
9.4288 0.412668
9.5912 0.380125
9.5384 0.404386
10.0048 0.364436
9.6936 0.377786
10.1744 0.352081
9.8184 0.38512
9.9008 0.381138
9.4464 0.407823
9.6536 0.389105
9.8536 0.378964
9.092 0.41864
10.052 0.35262
8.584 0.461832
9.5848 0.401698
9.1248 0.43417
9.6528 0.396609
9.2976 0.395192
9.5536 0.387401
10.1496 0.351944
9.6912 0.390828
9.8744 0.389081
9.8704 0.393293
9.5424 0.396845
9.1576 0.421255
9.5184 0.39824
9.3752 0.417863
9.4704 0.391362
10.1768 0.353246
10.168 0.346093
9.2608 0.429838
9.7008 0.380568
9.2768 0.441695
9.6776 0.395905
9.384 0.407097
9.764 0.360727
7.2592 0.604205
9.844 0.366016
9.2352 0.422078
10.112 0.358734
9.5608 0.406309
9.6272 0.395307
10.2768 0.329716
9.1448 0.416815
10.4232 0.323906
9.4208 0.402809
9.1248 0.454702
8.9968 0.457423
9.3168 0.42169
8.9008 0.453671
10.1432 0.352716
9.0968 0.433856
10.188 0.357305
9.5512 0.411756
9.8744 0.364811
9.6176 0.423433
10.04 0.354424
9.048 0.452539
10.276 0.346211
9.7184 0.392721
10.068 0.357219
9.7048 0.38599
9.5424 0.410118
9.096 0.43368
9.9784 0.348022
9.876 0.376956
9.0152 0.455367
8.8392 0.455258
8.4208 0.50227
10.1768 0.340676
9.088 0.42969
9.668 0.374126
9.2288 0.431668
9.5232 0.408526
9.1392 0.431019
9.08 0.431106
9.1288 0.418459
9.4592 0.416991
10.0512 0.345966
9.444 0.419731
9.5144 0.387685
9.712 0.394332
9.7592 0.375659
10.2224 0.354972
9.9488 0.373122
9.3104 0.436689
9.6064 0.390735
9.7384 0.389151
