25.1048 0.108342
24.3088 0.132176
24.6744 0.121782
24.5112 0.129895
24.5816 0.123913
24.9992 0.111967
24.3472 0.133921
24.8456 0.117172
24.512 0.126194
25 0.112644
24.744 0.119706
24.8472 0.114674
24.824 0.116634
24.6032 0.124092
24.5864 0.123642
25.1648 0.106008
24.7592 0.11889
25.108 0.105535
24.9424 0.113783
25.1472 0.105362
24.7488 0.119009
24.4728 0.12794
25.152 0.106056
24.7336 0.116304
24.9248 0.112895
24.2208 0.134996
24.616 0.124135
24.696 0.121989
25.0512 0.108447
24.664 0.1235
25.184 0.10418
25.184 0.105224
25.1736 0.102712
24.772 0.120587
24.7392 0.118949
24.808 0.117304
24.9048 0.112217
25.0664 0.108135
24.7608 0.120335
24.8192 0.11678
25.0184 0.110678
24.8248 0.115775
24.8928 0.115269
24.684 0.121941
24.6848 0.120711
24.9496 0.110924
24.792 0.116188
24.5616 0.125548
24.8304 0.116633
24.392 0.128284
24.5184 0.127534
24.6336 0.12226
24.8176 0.118768
24.892 0.1128
24.8168 0.115682
24.2664 0.133343
25.4472 0.095513
25.016 0.110865
25.2112 0.101986
24.52 0.126955
24.3992 0.132047
24.7784 0.117201
24.8096 0.117021
24.3912 0.130079
24.788 0.11701
25.1064 0.108057
24.92 0.112536
24.9128 0.11413
24.2944 0.134124
24.8768 0.11546
25.0704 0.107891
24.7144 0.119682
24.9624 0.112214
24.5976 0.123792
24.8992 0.113731
24.7656 0.117783
24.8832 0.114552
25.2664 0.103163
24.988 0.111076
25.0512 0.107838
24.8936 0.113425
24.916 0.116354
24.7952 0.115392
24.532 0.127968
24.632 0.12139
24.5232 0.12843
24.8648 0.114653
24.8048 0.117493
24.688 0.116949
24.9432 0.112266
24.9736 0.111715
25.4112 0.0978187
24.6136 0.123372
24.7592 0.119942
24.4456 0.130372
24.6672 0.121664
25.0672 0.1077
25.0448 0.108954
24.92 0.114151
25.1208 0.106657
