22.7488 0.116428
22.2984 0.14366
23.4 0.0963297
22.3888 0.144185
20.96 0.179249
22.5128 0.116424
22.1584 0.123065
22.5224 0.137522
23.5384 0.0900572
22.7584 0.116247
22.0632 0.147955
21.2872 0.102805
22.4328 0.134617
21.8048 0.157934
24.1728 0.0666584
22.6848 0.117872
22.4376 0.133148
24.3688 0.0599037
22.8104 0.125636
23.2712 0.107864
21.0584 0.168362
20.3504 0.208722
23.292 0.107285
20.784 0.19146
22.572 0.12747
21.9176 0.126093
22.1936 0.10892
21.964 0.152309
23.4712 0.0870079
21.2392 0.180536
23.7168 0.0625178
22.9328 0.10197
24.3024 0.067988
21.9776 0.153744
21.592 0.144587
23.7504 0.0832793
23.0912 0.113731
22.7936 0.107869
24.1192 0.0703934
23.0376 0.103763
24.3928 0.0588907
22.668 0.131228
22.2136 0.122796
21.556 0.161923
24.1048 0.0623911
23.0048 0.11225
22.3432 0.123466
22.1176 0.0825618
21.5128 0.155858
22.9264 0.122293
21.1784 0.182882
21.0848 0.165738
21.4504 0.0922848
23.5416 0.0911421
23.0232 0.0958246
21.2944 0.183722
22.9672 0.106307
23.0696 0.103467
20.0896 0.207423
22.5496 0.116561
22.2352 0.126716
21.0976 0.15817
23.4472 0.0952616
22.3744 0.123343
24.172 0.0729605
22.8648 0.117216
21.7888 0.15863
21.6896 0.162771
22.3976 0.119923
21.1136 0.174295
22.6544 0.125907
23.3832 0.103542
21.856 0.12891
22.2768 0.111657
22.8488 0.116825
20.9472 0.170999
23.7912 0.0817045
23.912 0.0852054
20.82 0.196065
24.3944 0.0650048
23.4896 0.0784055
23.0984 0.116142
21.3176 0.157833
22.4 0.135242
23.7704 0.0887819
21.94 0.100584
22.6384 0.125904
23.6616 0.0858882
22.8024 0.103961
22.7904 0.0971095
22.2848 0.139397
22.1544 0.145093
21.836 0.156051
22.2784 0.119709
23.664 0.0789924
23.4712 0.0933
22.9 0.115748
24.2752 0.0689454
23.5248 0.0855775
22.9088 0.0863961
