26.8024 0.0115068
26.3704 0.0126108
26.6312 0.0120786
26.5288 0.0113294
26.544 0.0100841
26.78 0.00941023
26.4328 0.0132597
26.7072 0.0114888
26.4648 0.0117995
26.692 0.0120807
26.6248 0.0112009
26.6416 0.0103712
26.5728 0.013806
26.5432 0.011559
26.4936 0.0120227
26.756 0.0104151
26.6152 0.0112049
26.7056 0.0105812
26.6992 0.0104664
26.8104 0.0101019
26.6024 0.0109161
26.4848 0.0106981
26.868 0.00891197
26.6176 0.00899506
26.632 0.0129862
26.3824 0.0107095
26.5688 0.0106646
26.6232 0.0111134
26.6816 0.0111773
26.652 0.010896
26.8048 0.010484
26.8392 0.0107333
26.736 0.00916126
26.7744 0.00950013
26.6288 0.0114048
26.6928 0.00991098
26.656 0.0116865
26.752 0.00965468
26.6944 0.00926366
26.6392 0.0109306
26.8432 0.00874446
26.6304 0.0109929
26.6848 0.0106774
26.5384 0.0111485
26.468 0.0136541
26.7368 0.00895531
26.6064 0.00967752
26.5304 0.0116823
26.5912 0.0125661
26.4424 0.0122228
26.5088 0.0114558
26.5352 0.0116508
26.6928 0.0112606
26.5976 0.0120056
26.6488 0.00927936
26.3032 0.0121086
26.9496 0.00748357
26.7544 0.0105329
26.8416 0.00933034
26.5464 0.0121461
26.4736 0.01153
26.6408 0.009989
26.6392 0.0110481
26.448 0.0122203
26.6208 0.00934802
26.8576 0.00888613
26.728 0.00975133
26.7296 0.00966269
26.3824 0.0116286
26.7416 0.00945297
26.7704 0.0092376
26.7488 0.00980247
26.792 0.0089077
26.5264 0.0116841
26.6352 0.0115489
26.588 0.0112456
26.684 0.00985543
26.8624 0.0104035
26.7272 0.0108364
26.7832 0.0104339
26.7152 0.011222
26.8176 0.00951424
26.5296 0.011771
26.5568 0.0123178
26.5232 0.0123626
26.5168 0.0120712
26.7112 0.00752036
26.6848 0.00932581
26.608 0.00944099
26.7688 0.00838668
26.736 0.0109793
26.98 0.00864223
26.564 0.0113734
26.62 0.0104384
26.4896 0.0136138
26.604 0.00970787
26.7616 0.0109981
26.7048 0.0100827
26.7272 0.00942865
26.8168 0.00957305
