3.2592 0.602924
2.2352 0.675041
2.8352 0.53196
3.0616 0.551401
2.992 0.539975
2.8632 0.608981
2.3904 0.632246
2.8424 0.653737
2.2976 0.76511
2.7736 0.639942
2.9952 0.539483
2.3704 0.655625
3.0056 0.669685
2.9408 0.547959
3.1808 0.689132
3.0064 0.533052
2.4344 0.646122
3.568 0.481335
2.8824 0.64907
3.58 0.563713
2.3832 0.690622
2.636 0.710049
3.2776 0.578107
2.8656 0.527066
3.0024 0.65007
2.7984 0.702652
3.0048 0.652544
2.8528 0.652707
3.2208 0.468164
1.8792 0.816312
2.8328 0.453212
2.4568 0.727796
2.4784 0.713307
2.6632 0.560934
2.7696 0.573855
2.852 0.607336
2.8304 0.616726
2.9192 0.480495
3.3472 0.404582
3.076 0.552907
3.4624 0.467585
2.7992 0.658801
2.8768 0.586096
2.4784 0.639726
2.852 0.613634
3.1848 0.593485
2.6872 0.632976
3.0976 0.488912
2.4912 0.691897
2.8608 0.648861
2.7112 0.724762
2.6808 0.522989
3.1088 0.4872
3.1384 0.517526
2.9168 0.551482
2.5776 0.676506
2.5784 0.667869
2.8488 0.529963
2.1744 0.703048
3.0952 0.550169
2.7328 0.647944
2.5664 0.54302
3.3024 0.487078
2.8416 0.668904
2.3624 0.748959
3.2952 0.521325
3.1208 0.654473
2.5768 0.625465
2.5376 0.67583
2.2736 0.735283
2.808 0.568213
2.7808 0.567823
2.9624 0.569419
2.3096 0.742393
3.1416 0.516558
2.7776 0.620754
3.436 0.557627
3.22 0.426883
2.4824 0.664286
3.404 0.667136
3.2816 0.551939
3.1816 0.590675
2.4336 0.646114
2.916 0.624498
3.1472 0.651427
2.8336 0.564115
2.7848 0.67333
2.9696 0.617674
2.6032 0.621584
2.8184 0.590396
2.2576 0.71157
2.3784 0.693695
2.6216 0.678221
3.1256 0.573192
2.9824 0.507465
3.3792 0.538613
2.9408 0.576498
2.9072 0.520137
3.2648 0.497847
2.8432 0.586744
