2.9888 0.501534
2.9616 0.526296
3.1224 0.511086
3.0152 0.536807
2.9296 0.559326
3.0168 0.541297
2.6432 0.543772
2.8768 0.555171
2.9864 0.587969
3.0616 0.520786
3.2256 0.478261
3.1104 0.502813
2.9416 0.557521
2.9472 0.511146
3.0272 0.516051
2.9824 0.495056
2.9776 0.554678
3.2464 0.456469
3.0856 0.506967
3.12 0.470899
3.1224 0.506262
2.9904 0.525574
3.2312 0.45981
2.9144 0.489132
3.0816 0.527362
2.76 0.567994
3.1136 0.485253
2.932 0.51865
3.024 0.511691
2.896 0.523747
3.0232 0.520796
3.1048 0.515964
2.9208 0.526705
2.9536 0.555449
3.1016 0.497993
3.0936 0.516202
2.7872 0.544337
2.8496 0.538242
2.8584 0.537056
2.876 0.553693
2.9672 0.537474
3.1288 0.522816
2.8088 0.538755
3.0504 0.527919
3.0368 0.541988
3.076 0.508752
2.9456 0.515463
2.8568 0.536174
2.9496 0.53535
2.9592 0.527284
2.872 0.543953
3.132 0.481937
2.9136 0.543952
3.004 0.525884
3.008 0.528999
2.9136 0.540093
3.012 0.529963
3.0136 0.528004
3.0472 0.506862
2.8216 0.593007
2.9224 0.521483
2.8664 0.565697
2.996 0.528694
2.9496 0.528215
3.1488 0.522851
3.2344 0.488033
2.9504 0.515565
3.1304 0.503174
3.0072 0.508435
3.0392 0.518321
3.1552 0.488854
3.0048 0.512588
3.0528 0.539686
3.0112 0.509321
3.0392 0.506367
2.9696 0.505265
2.9728 0.547161
3.0616 0.51005
3.0208 0.493494
2.9064 0.533872
2.8176 0.519771
3.0144 0.543051
2.8624 0.5563
2.9072 0.522596
3.0744 0.548679
3.1648 0.513287
2.9464 0.553792
2.7952 0.586753
2.7328 0.604767
3.0216 0.556273
2.9632 0.51607
3.0952 0.524985
2.8 0.546515
3.1064 0.493676
2.932 0.551627
3.2712 0.512518
3.0664 0.508401
3.1008 0.476075
2.8296 0.521445
3.0392 0.532488
