11.4104 0.0510313
11.048 0.0596486
11.376 0.0523159
10.9704 0.059594
11.048 0.0575952
11.4224 0.0491476
11.0448 0.0556772
11.2696 0.0507412
11.2168 0.055125
11.3928 0.0499666
11.3064 0.0506482
11.3 0.0505478
11.1648 0.0526745
11.1656 0.052928
10.9816 0.0562393
11.352 0.0478427
11.2872 0.0525149
11.2992 0.0481197
11.3256 0.0501208
11.4424 0.0436614
11.4592 0.0523321
11.1648 0.0552396
11.5016 0.0478177
11.2448 0.050591
11.448 0.0480309
10.8992 0.0584007
11.2112 0.0535558
11.2008 0.0499423
11.3592 0.0474306
11.256 0.0534177
11.2784 0.0491671
11.4832 0.0436405
11.3976 0.0458107
11.252 0.0477964
11.4064 0.053065
11.2656 0.05127
11.3504 0.0491254
11.4288 0.0476
11.28 0.0519096
11.188 0.047538
11.3416 0.0472446
11.3368 0.0527406
11.2304 0.0501387
11.1568 0.0514216
11.1592 0.0544333
11.4128 0.0506422
11.2664 0.0517137
11.16 0.0569864
11.252 0.0526706
11.0824 0.0551766
11.212 0.0561654
11.2488 0.0530038
11.3096 0.0542547
11.2664 0.0494735
11.2096 0.0526672
11.0528 0.0586632
11.5416 0.0402475
11.3496 0.0495109
11.364 0.0467722
11.144 0.0528964
11.1104 0.0572263
11.2864 0.0542334
11.3384 0.0519732
11.0224 0.0586869
11.32 0.0505904
11.4952 0.0451857
11.3768 0.0516172
11.3424 0.0477534
11.016 0.0576239
11.2184 0.052692
11.4368 0.046552
11.284 0.0518284
11.3432 0.0464053
11.2584 0.0551863
11.2984 0.0490203
11.392 0.0514887
11.2336 0.0489672
11.4256 0.0453847
11.3688 0.0518415
11.3592 0.049662
11.164 0.0508094
11.456 0.0475557
11.2816 0.051201
11.2032 0.055252
11.3512 0.051474
11.2648 0.0538234
11.2248 0.0492614
11.2352 0.0530645
11.2392 0.0512561
11.2408 0.0464848
11.4912 0.0491196
11.6272 0.0406601
11.2432 0.0530926
11.2472 0.0566329
11.0736 0.0566346
11.1904 0.054801
11.3632 0.051929
11.3048 0.0488659
11.3232 0.0487903
11.444 0.0469687
